500
0 512 2752 3715 9481 3608 5962 2382 3279 1207 4248 315
1 33 6338 6339 1321 5900 2349 625 9939 1973 9495 5016
2 1216 4452 1034 4045 1453 7536 338 1244 3092 1781 4822 7992 3963 5244 2111
3 6821 9318 7206 7195 1640 1098 2060 1229 1363 2035 7095 1465 7419 3454
4 6370 7351 8808 7530 2699 8974 5232 3856 6739 4948 1524 9878 7702 1432 9721
5 6560 6979 6020 8293 519 4553 8554 2636 5133 2767 9137 3188 6676 8345 732 989
6 5216 3561 8044 5710 6991 8720 2863 1168 3859 4693 8917 3575 476 1087
7 4706 3939 1958 7399 8040 2152 6571 9518 7023 1297 1394 854 9878 7833
8 7299 6467 5958 8487 3113 1642 7274 1708 1195 6124 3371 3828 5783 3866 1180 7997
9 8098 7586 8199 6379 6572 9007 3699 6101 3992 6042 6139 9021 5055
10 7714 1219 9701 1322 5323 4266 76 8687 2067 4948 3830 1303 4569 9658 7038 1439
11 8123 1414 9317 4170 9679 1781 4149 6967 3192 4154 3451 8190 3835
12 1279 389 2149 2533 9 4362 2379 6091 106 1339 571 5085 8062 8031
13 3394 2722 3461 7355 7278 8175 496 7022 9203 4153 250 5211
14 8578 6787 4356 133 7331 1962 3178 3885 1262 9551 304 4397 6675 755 7381 9079 1466 700
15 8579 836 4987 7782 935 5061 2182 9130 4907 493 4589 2127 560 1523 1972 3061 1430 6267 7772
16 8322 7014 5126 3722 6186 2061 8878 7183 4721 4787 8117 3547 5531
17 1280 2243 7427 8580 7431 9912 7022 6030 8178 3319 2232 2655
18 4192 7299 5863 1963 6744 5297 3197 2870 9087 7000 5595 3224 8031
19 1248 7745 5861 5885 4938 4586 5553 8181 5717 5269 6266 1948 9693 6110
20 9408 9728 3200 739 2596 518 2475 3184 563 7702 8247 5788 4126
21 5432 1668 229 1414 2183 7816 8199 9834 3053 5551 6161 1906 2168 7036
22 3552 9280 8996 1608 2877 6253 7346 3154 7605 7545 6811 7165 9215
23 2112 2595 8901 8681 8138 2123 5897 9293 9326 5295 3948 2125 3666 2451 8125 220 6653
24 5536 7521 3961 3467 9935 5456 465 5842 8143 9464 953 730 3260 9982
25 6621 3297 2790 3719 3913 6572 108 3027 7031 7864 6105 8059 4349
26 3457 7970 9093 5631 5356 8972 14 7452 3575 8216 7353 6364 2239
27 7904 7072 386 131 5069 1645 9244 5522 6164 7580 4027 5532 8830 4223
28 3 1731 4486 8703 7344 4178 5972 2164 1496 7289 8570 3163 6108 1917 9471
29 7745 6370 2627 5252 773 9957 4747 2668 5902 9871 6256 4047 8212 1749 2422 4823
30 4522 4332 6573 7025 3699 5875 7797 7638 8055 316 7902
31 1796 3110 1515 8141 1230 8208 4912 1244 21 4278 7641 6458 4636 6429
32 160 2857 557 815 3219 6901 8438 4567 4985 9371 5757 1566 351
33 2049 8483 3684 5509 7463 4679 3241 1961 5675 5543 6925 5999 2608 176 6675 3092 7285 4086 9015
34 3360 7841 1664 4450 133 3077 1799 7333 106 3216 4180 4501 3224 9241 9694
35 4289 8610 9083 1284 552 4552 8105 7883 8920 2835 2456 221 1978 6075 699 8511
36 9796 5156 1926 4999 1255 8009 9676 9939 1716 468 7126 2452 8377 7806
37 3268 6917 5246 9640 7114 8715 399 6002 1429 2327 5882 6494 9567
38 7138 995 8419 2149 8005 7626 9708 1201 4631 1400 7322 8220
39 1345 2074 5862 4765 3625 7305 2858 4717 6226 3261 4277 6038 4726 1529 4666 7740 2205 5247
40 4034 4452 1670 4136 6826 3917 9459 5658 6780 7006
41 5794 7874 6213 1734 5606 9640 2666 171 1906 1783 8153 9694 3103
42 2464 5282 2467 6149 5927 7627 555 8888 9077 3158 2423 9464 6746
43 4032 3265 7681 131 9829 8617 8681 779 5129 1481 7852 4175 3441 5362 7987 6327 29
44 3778 2699 9902 1298 9619 3860 6557 8382 2431
45 4963 3588 503 3047 4583 8841 4429 2447 8049 1014 1654 4342 6908 7774 9887
46 4224 5952 8226 8227 2820 1284 3493 332 4749 1871 6609 1465 4858 3005 8990
47 6528 296 9966 9999 6259 2230 8216 9817 3582
48 3233 3236 2821 7767 4559 1200 7570 6389 8086 2871 4152 476 1309
49 7296 7616 6787 1188 6793 7434 4939 7309 8462 8269 4624 2650 4214 2136 6874 6202 6431
50 8641 9178 7530 779 6091 7472 6929 502 4792 6778 2302
51 1501 3777 1698 896 1345 2085 6437 8580 4333 3885 2013 8050 3061 7253 6613 5371 8764 1085 1439
52 1153 3395 2123 396 6925 3821 8055 8114 3133 2548 726 6263 2717 2270
53 7448 8549 3493 3053 4559 2768 659 7699 216 8505 7547 8220 9597 895
54 929 225 9316 5705 5885 6892 9711 7120 3703 6040 1241 1723 9308 8093 9535
55 7296 8483 2595 2537 8750 9838 1871 7471 5138 7889 5044 1555 5336 4666 6267
56 3970 7459 1416 8072 3561 7408 8883 5492 1238 6936 6393 8090 2747 3132 1246
57 7200 7273 1228 2124 5677 1390 5526 7095 8792 6263 6938 3447 5119
58 1216 5284 8734 1128 9610 4140 3565 7949 2677 4086 6137 5246
59 5216 4737 9315 8263 7912 6878 4749 847 6897 4244 8981 2359 7453 4766
60 646 5671 456 3881 3275 1552 850 5013 9209 1435 30 8895
61 6241 1826 1122 5444 9861 5158 9704 1163 557 4951 1583 2900 53 2007 3454
62 7105 2243 9317 6598 4935 2568 1353 7884 6381 3950 5236 761 4087 8889 2426 7965
63 4224 1346 9892 7301 9099 555 6798 7375 2456 3225 5946 507 700
64 6185 9657 139 4173 9710 6608 7026 21 4758 181 7802 3161 3354 9114
65 1152 3939 9274 4136 1546 779 6539 3950 4209 1396 122 8924 798
66 3320 6595 806 9096 713 5835 8524 3885 7181 2189 1615 3982 754 6584 1083 991
67 8736 9475 9187 9541 9831 6087 9290 1038 9936 6746 8247 8538
68 7107 2630 6572 5677 7118 1806 4080 4977 2611 599 9273 8634 9019 1335 4286
69 9186 8450 7012 6052 8134 4007 8684 7085 3278 4303 4399 3314 3603 179 2485 7732 1400 3195 8572 2749 5341
70 2115 5252 1571 4039 9256 5960 5386 2983 9871 8624 3505 1586 4367 5818 4379 3581 5086
71 3 2596 6597 5 1560 1642 2764 1581 2863 8431 9330 9747 3158 8887 3352 793 5020 3262 286
72 4704 6978 4869 6213 6662 1032 9842 87 5399 9270 3068 311 6014 1407
73 8352 6595 6115 5253 3781 4840 7021 3345 1203 4437 7064 1081 6747 8027 2973 9471
74 1376 8774 1357 9966 3152 2065 4786 3573 4091 478
75 8579 6213 9671 3182 2388 7157 8885 2359 8309 505 9852 9086 287
76 609 1763 4965 1542 9736 9848 76 366 2896 2065 6226 3315 8368 728 7709 2302
77 9433 7461 3909 7304 5929 4554 523 6956 7432 9903 2353 2034 183 2617 4121
78 9600 2881 8130 1252 6469 4294 8103 3049 8778 5003 461 6163 9557 8822 7447 7512 3225
79 4576 3202 4323 5606 3434 6607 4435 8116 8663 6521 1407
80 1319 1416 3752 7082 6698 9994 4619 4654 8079 1424 207 2515 9493 1435
81 6787 133 1638 3465 877 6031 176 8914 9237 9047 8377 7322 7419 6941
82 2048 9538 6854 7207 8072 2662 4938 9673 7025 6550 1337
83 680 3465 3728 6289 8596 9108 599 4986 9692 7709 9823
84 4256 7904 1122 386 3557 4966 4391 9997 4429 2192 1044 5268 2486 2297 3007
85 9568 9157 4421 4266 5356 461 3863 557 208 8049 7507 2677 2485 9111 6492
86 4134 7783 9704 5193 7837 7933 2349 9998 9207 7895 152 3450 6748 7325 6110
87 5825 6498 4100 7044 2695 5703 3850 1167 9936 2224 9232 7896 8894
88 3681 4450 7105 2058 6574 8143 9872 3662 2898 9780 437 9332 6295 4505 2331 1148
89 7968 5187 547 4901 9422 2127 9326 238 2034 8371 7799 8344 345 6652 8831
90 901 3703 7945 5418 5838 8024 6547 8342 7287 1208 5913 2172 9533 6302 2207
91 1632 9953 8736 417 4166 4391 8586 688 9876 2804 4094
92 5568 1923 9795 6630 4840 5099 9101 3279 8496 9265 8050 7823 5199 8601 5053 2175
93 5317 1606 1321 331 1774 7151 6639 6257 4050 9075 4372 6005 6067 7864 5628 8605
94 608 9668 5349 6154 1899 5307 621 8975 5774 658 2007 3835 5662
95 7233 4801 545 7718 6155 7883 6671 4241 5330 6899 3764 9780 7414 3347 5752 2079
96 547 6628 7971 3047 776 1289 8620 4046 7183 5717 7733 7608 3418 5980
97 3584 3876 3463 8040 3500 2860 2480 9372 5715 7352 1529 8248 6908 477 5439
98 9122 9634 4034 3525 3762 7666 2068 6388 4342 2040 219
99 7010 3842 7204 4901 5062 9450 3146 5323 6001 7314 884 9845 695 7642 2267 3743
100 7416 191 7206 1192 1770 780 4338 2869 6968 6426 4541 287
101 3200 3106 9483 4814 5678 5679 4655 627 4340 1492 2615 3933
102 9857 3111 1610 3050 5295 6224 9235 8757 6709 7736 2202 316 6558
103 5024 8224 1698 7266 1893 1032 8105 2796 4798 7228 3293 8190
104 7880 4808 5291 9484 4338 2197 4248 605 8158
105 4902 7240 8137 8015 9521 273 1585 7956 465 5235 7801 7219 6201 7738 8539
106 359 9514 8043 3534 9102 2582 7865 9690 3932 1757
107 5282 2215 8071 8812 4977 9137 3954 6482 2586 7259 4956 7357
108 1666 2819 2181 5704 2379 108 6188 5006 3278 3342 4078 7435 6187 4526 6296 9723 540
109 3329 5634 5284 8696 5769 5663 9293 8495 9521 7409 7352 4991
110 8416 4130 2953 299 8715 1581 813 9483 3280 7575 9945 2684
111 9920 7810 5890 4071 9449 1833 621 7228 2670 1201 1524 8885 1557 7481 7036 2815
112 7968 6051 8837 9610 171 9674 4107 9935 3729 1458 2331 1343
113 769 9096 7945 9514 9003 6962 1203 1459 9461 9691 1117 3038
114 3072 3937 2624 835 8696 8170 3437 9965 9616 8208 9108 8502 2680 7484
115 5757 3590 2694 712 3625 2218 8652 9422 7791 3375 7889 8765 574
116 928 9507 5027 6056 4716 8145 1202 3762 6739 4533 9398 5241 2267 6270
117 3811 8901 4558 2382 3024 1392 7986 4403 3319 632 4313 4479
118 4416 257 2210 4736 8257 8966 1479 4840 3177 2318 3700 2228 2586 9659 2911
119 4344 7841 2530 6659 7301 518 2537 105 2189 2255 1298 4626 7126 5816 8538
120 4736 8161 8674 4130 1056 583 9065 1642 6155 8905 6410 6639 4176 7633 7517
121 6944 6817 33 773 8327 9676 2669 9132 1228 4720 5996 7153 6067 1140 9783 3032 4285 5247
122 3329 2850 6690 4129 1893 2886 7558 7912 2114 4314 2192 883 1784 6074 9374 6332 2494
123 9123 1542 2279 9032 5929 3565 8686 7791 849 915 883 7321 5598
124 9442 5187 5346 1958 2279 7207 2857 5322 8044 6989 7213 2895 7856 3981 238 2163 6683 8831
125 5504 8674 9187 8966 6312 5448 8203 7181 1454 4944 4958 5234 115 2326 4924 7101 7454
126 8768 707 9443 6058 5130 4780 9036 1908 5532 2172 2462 5183
127 5956 3460 7526 135 169 9545 6859 5708 9451 6507 4303 6096 9073 9965 2003 8854 8250 4348 477
128 4001 9761 8289 8068 3144 4073 2570 5515 8912 7314 1972 5911 9402 1788 3870 447
129 6688 545 6496 5412 423 6476 7948 8188 3440 1587 3348 181 8635 9404
130 4929 9089 1129 8618 105 7628 2267 239 4050 502 6519 8443 2076 2943
131 9380 6724 9989 8423 8105 9965 8368 2258 2035 7352 5049 7516 2783
132 2145 4705 6498 9380 4613 4070 8230 259 9675 4724 5748 4502 8918 2523
133 6144 1318 2150 1896 5961 2192 150 8088 2553 4474 4956 7325
134 7137 7330 8994 7308 7951 3410 1689 2452 6805 7639 7992 5785 5370 4093
135 5664 2401 680 2894 3888 3025 1075 150 9590 1912 7321 8150 1147
136 9025 8708 7302 1566 4107 3628 9230 337 2514 755 1210 1180 7262
137 1957 2629 7431 4713 8586 1195 6669 4846 2384 3828 2040
138 7490 8386 2114 168 7432 5483 6607 401 8371 1117 8183 8056 7287 380 7581
139 1600 8739 2952 7048 3050 523 6062 1968 6134 1208 3867 6878
140 2627 9928 7566 1358 3280 4914 7611 4789 442 2395 7742
141 1186 997 7114 9834 7387 9295 9198 9615 6518 921 9019 2172 2205
142 6177 7201 7683 9988 1304 5219 3111 9224 7728 7281 4533 8822 4151 8792 8410 1117
143 6049 7623 6087 3913 5097 7179 1465 7059 6611 3031 4761 7039 9115 1501 6494 2431
144 8449 7170 1219 1092 838 2408 1227 7823 4758 2582 2555 7447 7454
145 225 6914 8713 3242 2972 2892 5053 399 6961 4178 8498 8981 662 5687 2522 6139 4476 1693
146 609 197 3498 7851 2476 7598 8819 4435 5336 5561 9404 4253
147 4293 550 6602 8173 6765 8079 2896 2735 1042 820 9941 6425 9791
148 8832 1411 1383 2856 9161 1646 7438 1426 7346 6996 6388 4991 1432 1567
149 800 6914 4966 8137 5275 5551 6674 4407 6299 8444
150 7457 3074 7874 5401 5706 523 1644 3821 3022 7536 3411 2515 1236 8025 5276 6398 4767
151 1377 6052 4583 5052 8397 8785 6961 8915 7153 1941 1084 2175 5631
152 7170 8803 2152 6537 1258 299 2155 4237 3144 5744 4786 5235 3446 3512 3706
153 8386 2626 2629 5862 2695 5445 6696 8298 1708 2768 5109 631 1145 8350 6621 926
154 3841 4452 3081 8363 6764 4908 1582 591 4153 5085 9950
155 3936 4705 9953 6082 1892 2183 4808 205 1902 1778 9588 1142 8090 4923 317
156 3041 5158 1417 6092 3534 9424 9621 2614 4444 2877
157 8547 9859 8227 1414 3119 8240 1521 3410 2997 2167 5467 4092 1439
158 321 4354 4323 8841 2155 1582 8596 4501 854 246 2840 5211 1468 7485 9822 7160
159 4097 4319 5445 871 7656 8951 4077 4944 7954 4439 2104 1499 8572 4031
160 8226 3494 7 1670 5481 6826 3476 5045 8982 632 9562 7963
161 7713 7367 7691 4140 8973 4238 3132 8461 8431 9203 8531 4565 4572 6108
162 2085 7686 5451 2540 8271 3600 2930 9011 7666 472 7290
163 129 3 5059 326 6257 5492 284 1142 8057 4026 2684 2111
164 7365 6056 8203 5389 4782 2960 6545 5330 5139 915 6709 7861 1849
165 8064 9570 1571 6853 1417 937 9583 3472 1137 7474 9711 2194 6647 7481 2682 8927
166 1632 6372 5034 3545 4750 7823 687 7795 8981 8445 9723 7261 1022
167 320 9666 9795 7462 684 4588 2704 1041 2102 5467 348 3422 7519
168 4865 228 1548 2764 7500 4655 6476 4914 8181 9115 1982 9023
169 2239 2721 2049 4100 7877 9159 6538 9740 5326 5744 7249 83 3383 5402 1085 511
170 3651 5444 5443 1129 971 8491 8272 9745 7356 7763 8949 8248 2136 3580 4253 4862
171 6538 141 7949 1555 2326 8215 3745 9395 5941 8507 6205 5054 5442 6859 5195 9036 6861 3408 5857 7652 9197 3700
172 3492 9892 1673 5258 270 5456 2322 2035 5399 5144 3673 6074
173 7072 3809 355 5572 1534 1963 427 2766 944 7700 2550 5112 7288 5022 1087
174 7836 1059 2437 2952 6696 5261 5103 9968 4177 755 8532 4502 4087 5244 5631
175 8416 7368 250 3500 2541 3536 5041 7156 7064 4218 1149
176 9408 4832 928 2465 9862 4423 425 5226 4783 4400 4532 3316 3990 7002 7455
177 5825 5675 632 8813 2001 1041 3602 4788 1046 7351 4696 9051
178 2402 6018 3427 7817 7210 685 1645 1743 5327 2329 4027 6941 3486
179 4421 6853 3534 8527 5999 3985 6611 6582 1146 1019 8989
180 8098 3716 5513 650 6379 4692 9493 278 8406 1880 2874 8700 3261 2270
181 1760 7556 9637 3110 9348 9928 6444 4589 2732 7535 2288 9271 5911 4349 8990
182 7457 3809 4993 7208 9 168 590 2863 1585 5041 2643 1105 2874 155 4541 4798 5887
183 8866 7174 7302 551 9997 6479 9232 1752 627 8824 5246
184 4129 1249 3109 552 5931 2636 5710 7890 2996 4118 5368 4537 1276
185 5241 3909 3978 7437 3153 2353 916 8089 2202 953 5919
186 2626 1476 3653 8324 5956 9804 7762 4348 7382 4631 2904 7002 4060 2557
187 3521 7459 9957 9766 2215 2314 6351 3536 1752 182 8024 7929 1114 6301
188 7680 7362 8549 9733 3143 3721 8714 8683 3116 8716 4078 7027 3702
189 7683 1892 8134 1479 6568 5863 5322 7535 5968 6063 6130 6163 7285 2904 1371 412 4253 2335
190 768 3937 5092 4330 3467 1197 7408 3348 2934 569
191 9440 4097 1025 5892 2725 3364 7044 2698 7373 6713 658 6519 3320 8185 6814
192 390 1902 5359 9808 7697 9747 1622 7414 62 9215
193 6369 6722 5155 3681 1375 1833 6060 5198 719 1489 1460 8628 3766 895 6808 7385 7387 3774 6687
194 2788 4294 167 2408 5545 5548 2194 5045 7383 6712 9209 5854
195 4769 3492 36 647 3463 6376 3531 6574 3066 8700 1662
196 3552 4865 9664 3109 8837 7686 5895 7845 6410 3370 9453 5038 5007 9587 983
197 6912 8803 7876 7331 2886 8743 3432 3243 9931 9842 5044 8917 7030 3895 4054
198 1601 4487 3752 2186 1067 4234 366 2767 1233 7409 3411 5011 7383 7899 4828 4574
199 8962 9122 8676 4281 7526 4039 5704 4345 1390 4529 1753 7732 5687 2233 1375
200 1188 8839 2953 2987 7693 7887 3762 2745 2553 2842 9087
201 5092 8389 7303 296 5770 8140 8973 7827 7956 4533 9623 5500
202 5248 6786 3977 8138 4842 155 2475 2634 4664 9650 627 7159 6584 5371 7261 7807
203 9731 1796 2950 5319 4175 3376 401 116 1237 2005 8279 153 2682 1150 1183
204 9344 4162 2787 9895 2439 7977 6698 6639 8056 8088 5628 8510 6143
205 3362 5706 1581 398 1038 2255 3857 5842 9011 3836 1694
206 1220 4837 7301 2665 6251 2674 1109 7797 4663 7669 122 6364
207 6049 8733 7330 355 4035 9129 5547 1644 7371 624 6354 659 4564 8758 3417 6909
208 4928 5185 5794 7713 1515 6796 6798 9104 563 5204 949 1590 726 1948 766
209 5218 8418 6654 1528 3628 1806 47 8145 4696 1850 604 3838
210 9056 8481 897 3297 3842 5636 5350 1731 7240 7657 9545 9067 1611 3950 925 8462 1201 4531 8982 349
211 4289 738 9347 7204 9511 3277 5872 8881 4976 788 6165 7516 7001 8284 2750 703
212 7904 9218 1541 2379 1292 8907 7694 6479 9887 6894 6320 5875 4821 9273 7486 1727
213 6531 5636 6854 2985 6058 5133 2190 6164 1620 952 6747
214 8000 450 3362 6659 1319 5070 8559 6286 2228 7578 3100
215 3809 5187 771 7493 4837 2760 8077 1823 4826 1341 1055
216 5446 360 3721 8671 9291 3852 6318 6320 3698 3506 7486 3647
217 5504 3969 8363 652 6573 9586 2109 7381 822 2135 7029 8089 5882 1079 797 8191
218 1125 4967 247 7186 2451 1950 1046 2935 5082 5147 5628 6654
219 8864 450 4796 9509 8231 3240 5895 7469 9139 3764 7512 5176 8539 412 7614 8927
220 769 9643 493 6413 5848 9104 9040 4241 8017 7604 4823 4472 1401 7580 7133
221 4003 4100 4133 7718 5454 6415 5328 3057 1396 983 7833 8287
222 1377 9348 7909 2647 4684 4976 625 9139 788 5940 3383 472 9817
223 160 6636 6158 7471 7568 8208 1843 8373 605 4735
224 7426 5445 5991 744 1929 2602 1901 7474 1011 9588 5525 2774 7575 4760 4857 5085 9470
225 2338 4542 5062 8903 1098 9038 2450 3572 6647 9083 5662
226 256 7074 1475 9187 6949 1318 8710 2760 7562 6859 9398 2264 7192
227 5156 8837 6309 1255 232 745 1323 587 2063 6002 2516 5948 926
228 482 9731 5637 2437 7399 2953 7786 4489 5899 6706 6035 246 54 921 9722 5660
229 8962 9316 5258 1067 8556 9646 271 2959 4400 6644 2199 6840 6201 5082 3869 1118
230 1280 8098 4361 1226 6185 8813 7889 9139 7799 8600 6557 6295
231 6593 6785 2532 3717 3582 6152 8080 2773 6741 3958 2712 6398 8767
232 9407 162 8997 3116 3278 9903 4687 1695 8564 2453 8279 9563 4702 6207
233 3744 1121 8103 2665 490 3178 6986 2576 9138 1043 3380 7412 439 3961 7358
234 2839 5869 210 5203 8406 631 9082 9692 284 7453 6974
235 6369 9475 2468 5891 7273 6125 8015 4047 9264 4757 3158 4951 9816 3866 8539
236 4573 3066 5382 8809 4402 4626 9590 3130 9243 284 9597
237 3203 4293 9606 9093 8521 7371 4563 4020 822 1017 2462
238 4448 7681 7362 4695 9735 169 3505 401 8307 3347 790 4663 5466
239 9208 5702 4423 6857 8143 3664 2353 3759 4944 692 3352 4862
240 7939 3850 4558 239 2639 8847 2034 657 5301 1590 3830 2232 3773
241 3072 1348 9733 6118 7270 6920 1798 8173 8942 9905 6674 1011 2707
242 3264 8291 1386 9617 5522 9108 3797 9304
243 9440 4326 8904 2059 8428 2061 2959 7569 5946 4856 9305 1306 8540
244 6786 8195 8324 6949 6692 1224 2313 7626 8910 9013 95 3066 8443 2718 7359
245 2112 2338 3651 9829 8137 7434 6571 43 8244 630 6680 3838
246 1376 3074 5861 8389 4200 5961 8556 7308 9457 2486 6038 5465 2783
247 3392 7392 2240 3043 8260 3493 4388 7881 9802 5387 2412 4717 4750 7085 3153 7697 3795 6545 501 4180
248 1183 4161 1572 9573 3657 3691 1196 974 367 4564 9051 8125 1246 7455
249 1600 3714 1572 6633 1226 9994 587 2892 300 6001 1521 2104 9337 2426 4987 1212 3486
250 2850 1059 9656 8648 1769 5391 2608 3888 3441 1270 7160 3199
251 4577 2183 647 6281 9804 7023 7249 626 3313 5531 4402 4373 3543 4724 8022 8027 4060 9022
252 2848 7041 9216 4418 2881 4166 9481 4076 8844 3410 6428 8444
253 6662 2694 4810 2986 780 76 4399 5139 1715 3446 7927 1662
254 7459 1796 9766 7386 4554 6250 9740 1353 7694 5941 2038 7542 2329 1114 7899 9852
255 7748 3270 808 3563 685 5007 1776 3729 5718 6231
256 9632 8320 8962 8599 2647 4230 8936 2569 6444 876 5454 4655 6354 1299 9014 8887 4214 5849 542
257 4388 8484 1125 7783 9005 6256 3057 2163 1907 6296 8252 2590
258 810 2539 8076 6700 4209 2067 1276 757 6329 3100 7517
259 5536 3584 1347 7651 9476 8683 4107 3315 3508 1527 1273 7293 5919
260 6560 5795 4486 6470 2536 4592 2419 6996 1940 3286 154 4574 3135
261 3525 8744 2846 944 8914 2997 5815 1337 4858 2779 412 414
262 2340 7192 6278 2630 5448 3657 5259 5234 5107 3188 6933 8566 7894 8600 8921 8092 2846
263 9573 425 8586 9994 42 8011 5329 5652 5016 3031 8824
264 3296 7876 5158 2407 1064 5481 9102 7730 6291 1814 2396 5341
265 1348 2662 6152 4424 6506 2058 2858 6224 4977 4113 2067 2871 954
266 3264 5890 3876 8936 4808 3304 7699 2900 5109 2485 2078 7676 62
267 439 8068 5957 8548 9540 8230 714 1227 8671 6125 2643 6068 7447 3895 1496 7226 3100 221 895
268 4672 5920 5538 4352 8005 7976 6376 5994 714 1423 8284 5968 3539 668 2717 8319
269 6598 713 5994 7673 5135 8183 884 1908 4539 2935 5913 6267 7133
270 8608 4097 1602 7553 8450 3429 1223 6217 6287 3415 2744 5466 7038 2423
271 8481 9442 3523 9671 6890 2540 2925 876 1109 3286 667 1181 511
272 352 3233 1527 8708 2788 7845 8904 1129 713 1020 3288 6295 888 2203 5399 6143
273 9568 323 483 3172 7623 7115 6188 332 4655 828 4862
274 3843 9030 6153 2185 811 7594 2001 1849 8824 8793 5595 5342 8351
275 6017 7810 4828 2468 1884 9833 7594 5138 83 4470 2939 5948
276 9056 2722 8803 9898 4843 7598 6702 9326 3057 7156 501 6872
277 8193 9636 3461 7816 491 4537 8812 626 4761 2164 309 6744 4985 3069
278 2820 6981 8618 5770 9357 7150 847 4592 9585 8753 2288 5365 7929 5880 505 894
279 7553 7874 354 2856 7305 5034 8618 8264 8013 6666 2673 3953 3987 22 3867 7868
280 7489 8708 4869 9764 5253 7368 4489 7049 3691 5386 551 4199 1137 8947 5044 3541 247 670 2399
281 896 7875 8615 765 203 4397 661 1463 8153 8538 9661 3774
282 9219 1157 7048 7821 7309 7183 8722 9498 5664 7456 6054 2598 9526 442 578 2121 6092 6865 5097 1134 3700 7413
283 257 1218 7202 905 2508 3852 5293 591 719 9298 7155 6169
284 1346 3331 2467 4677 3240 7561 2123 6507 4173 8014 7727 5232 2191 9330 2264 8185 9114 5179 2175
285 4704 7653 7561 8042 2189 3630 9295 3377 982 8599 5432 6105 380 4121 4735
286 96 8930 6360 8996 9413 4727 4041 7369 9933 7566 4317 8342 503 9976 220 3453 9820
287 6144 1763 5864 4361 9160 5835 7884 1292 108 4079 3536 8528 4243 7028 9015 4222
288 4672 4032 1345 1666 1542 9159 7014 6121 7597 7281 7314 1170 6549
289 3745 8419 3719 8106 6635 2860 7053 9646 144 4799 3794 5872 6070 5049 6619 447
290 4354 5156 8038 263 1673 5867 5838 6543 1904 3316 5141 7767 2650 315 3807
291 739 2844 5895 6091 172 4703 316 3034 7484 2687
292 1664 578 3970 9349 7558 7208 5099 843 3959 2256 2741 2263 3608 573
293 3232 6786 8612 7429 5179 331 624 6609 8210 8787 8215 2840 1147 8636 798
294 9736 2186 750 1294 1394 532 8250 9979 8540 9823
295 4032 3390 6956 7597 2124 5292 6005 2171 7036 2046
296 8320 5857 2980 3781 7751 1128 8904 745 3178 2538 1197 8429 7215 1780 345 6202 4702
297 1323 47 3792 5587 1716 6165 179 2420 8505 703
298 8000 4356 1637 9192 5964 7278 8210 8253 7956 9237 3316 1723 4475 8220 1181 6879
299 5920 1668 2885 9606 7687 4233 9961 1067 1163 7700 1784 8988 6014
300 8896 5412 9606 8140 4333 8750 1423 111 8881 6865 4942 4340 2189 4912 6519 2680 9299 250 732 5055
301 7748 4649 3146 5387 2569 7050 3406 8654 6896 4720 1904 87 4382 6495
302 7289 9507 8967 3243 1324 6351 688 4761 5075 2615 5081 5754
303 2083 9669 9451 6030 2224 2256 9235 2451 7386 3067 2557 7998
304 5603 3017 7641 2669 8894 6991 6745 9453 2867 2712 9305 8542
305 256 3621 9478 3079 6602 6635 1134 6704 1140 7925 2933 5751 2779
306 2624 835 5931 2591 4464 7839 5683 5204 6611 6234 5307 989 8958 6589
307 320 6338 9443 172 7438 4047 1072 4243 4531 1371 3068 6909 731 8703
308 9827 5507 4377 3241 1451 6894 2258 5203 7604 6457 5146
309 9120 6528 8168 6121 1262 1905 915 2388 9590 3031 3675 6879
310 2401 2340 5382 8809 7050 4442 7387 1774 5552 3666 4566 4472 7929 3034 3451
311 229 4135 8711 776 6188 1613 5292 8975 2289 1459 7699 1336 6425 4796 1309
312 6336 9608 5513 4330 1162 3628 3277 3664 6358 9495 7327
313 8706 771 2787 7525 6797 9199 1689 3827 9234 2422 1622 5369 5275 5661 7486 5535
314 2721 3525 9735 5675 9643 8624 7536 7474 30 790 4982 952 8889 7582
315 5568 1152 2752 2819 5509 4713 9260 8271 3284 8351
316 6114 2693 1510 8487 1130 7114 6572 3660 4113 9842 5587 1625 603 9021
317 390 8 2569 6186 4683 3755 2858 5950 5849 8373 6777 573 414
318 7265 9122 1729 8901 5546 6827 8908 7896 2611 5555 6260 9752 4281 5661 8831
319 8864 3841 1637 134 1064 650 1901 5713 7159 979 2422 8086 3195 4412 4926 7455
320 8515 2399 5864 7977 3562 3755 5679 1425 5753 9593 6141 9086 5535
321 897 4001 2146 7559 3464 1383 6986 6125 3086 152 3675 8413 1534
322 9664 491 8951 5326 17 6995 9526 54 9720 2361 2014
323 4577 3522 1445 519 583 4747 8147 5172 118 2230 6360 8666 1019
324 5153 4225 9890 6503 9032 8167 5130 8903 9615 8431 6196 7062 9657 1917 1118
325 4256 134 137 8267 8014 3791 4078 977 6449 6578 2735 1495 1466 475 6814
326 6688 6017 230 4491 3147 5390 8212 630 4407 4792 4891 279 4414
327 6529 1032 5065 3978 1323 3117 1391 9363 2934 1084 4638
328 608 7265 195 7687 7975 9833 8106 1287 5772 3052 111 629 790 3926 3006
329 2207 3041 2412 2958 4783 925 8753 2355 6166 8413 6777 8252 1017 5375
330 3714 6627 4134 1639 9291 5388 208 3313 6770 7859 9617 5109 7924 1695
331 3202 9755 3653 2918 9160 5546 2060 4750 1710 3408 8916 4151 9463 2712 6042 3003 4767
332 1123 7272 5129 7210 2683 7212 1705 6767 6672 9682 7316 2167 1179 1820 4351
333 1248 4737 7876 5125 3494 3143 9552 6448 3795 3255 8191
334 8449 6920 4874 7435 1135 3567 6578 4307 1460 2291 8114 1495
335 768 1991 9161 1324 2322 3603 1942 9465 4026 5723 1340
336 5538 8578 560 1180 2835 2644 309 8598 1238 9784 1979 4412 1917
337 8898 4806 5671 3177 8397 5199 944 6609 7537 1140 3125 3005
338 2274 2242 3271 2185 4938 7980 5901 9327 4402 1043 4982 6103 312 8344 7806
339 321 2052 3655 4073 9610 7088 8147 8758 1783 6680 9114 9371 4572 4349
340 7232 608 7233 4416 8676 2818 1923 7365 3012 1994 9067 4619 1776 7581
341 3682 6018 3995 4420 9990 2219 43 6670 7055 5940 9082 4635
342 8035 5603 5481 5898 6251 9357 5775 7665 1339 7547 4277 22 2551 5816 5658 411
343 6849 4963 7556 4772 9092 3172 3084 5356 1329 6482 437 6901 3256 2617 3580
344 7490 2248 5515 815 3184 1233 7796 1716 9301 8858 2296 4826 670
345 320 4705 3313 7642 5652 1973 5300 6103 6393 9530 7293
346 6336 6465 7840 1729 193 9958 8844 9198 8912 3189 8854 4857 8249 3837
347 5024 8674 6242 6185 3434 4843 1454 8111 9876 1749 7606 4855 1371 9279
348 9184 5185 6114 4385 8740 4389 3818 7787 9745 1973 888 5657
349 7234 153 7844 7012 8841 8265 7852 4880 5297 3953 757 6360 8473 1306 8287 8319
350 6658 2360 3780 5705 3219 2483 3349 2774 7638 1336 8250 7740
351 9184 3265 5604 3784 7594 1322 6670 3342 759 7738 414
352 3360 7841 2240 2500 5897 1003 9164 9848 2639 7727 3121 5300 5365 8790 5301 1429 2203 7006
353 2848 6112 8617 8905 5561 1839 6257 9650 8753 2870 4727 6457 9470 639
354 1505 162 9990 4136 6506 5547 3117 3982 5008 2673 6300 3765 5723 668
355 1248 3681 8256 6821 8713 3530 4908 2476 492 1743 2417 7921 2166 1686 1950
356 9025 3458 3873 6817 3969 3012 7784 9065 5163 7980 8907 1451 3216 7605 9014 5660 5054 9791
357 928 1889 542 3212 9197 6606 1135 6415 3698 4788 6550 9720 1022
358 864 9218 354 4133 7302 4200 1289 716 9199 8531 6420 4600 4573 3743
359 5601 3013 4646 3977 9673 5451 2064 3958 5434 4828 6589 6974 6430
360 7840 6021 1127 6919 3406 8847 9008 5780 4565 6712 4505 4636 351
361 4576 3808 9120 9123 6051 6597 3656 3099 8684 3533 3023 3888 1079 5466 731 9979
362 6592 2464 9666 836 6309 3077 4967 1963 6989 398 8815 6702 273 7157 6646 1205
363 7234 9438 5130 9035 563 6389 8630 9593 7611 6205 2750
364 6466 2980 1157 9318 9476 8936 361 9608 8780 9005 2870 4439 9726 2239
365 6402 2275 901 6054 935 3017 7562 5545 1006 1778 7379 3766 9688 5947 8284
366 3255 3394 1476 5127 753 1753 2933 8630 4278 8473 3130 4988 6653 5183
367 5728 1284 3751 7304 2439 1038 1294 1392 9432 8988 9661
368 9538 3877 7687 7759 9552 3985 9073 7506 2548 7796 7126 1814 1145
369 3777 1059 6372 197 9802 9101 1552 2930 5718 9208 2745 9982
370 7680 5890 4135 5320 5503 8188 3983 2128 6837 6616 8922 8444 3839
371 8037 3301 3527 7560 3856 9008 1170 3251 8628 84 1881 541 8062 1823
372 768 5248 7462 5798 1994 8716 1297 2962 8469 7358 8382 2559
373 4295 6537 42 1357 5038 3983 1935 8372 3130 3003 6653 7998 3135
374 4736 6914 3139 8227 8230 3271 1306 6476 6707 7349 6106 6010 447
375 2209 8035 6755 6085 8454 137 4554 2571 5004 374 4855 4377 8092
376 8738 9859 2852 663 815 5170 3061 6453 9111 8343 1753 3926 4126 4031
377 6979 773 774 7720 6506 8332 4909 1968 5362 2262 317 6973 4542
378 4192 5737 6410 6796 4237 8429 2063 1391 8269 7413 4215 8858 3067 7069
379 3425 6593 5604 3847 1161 1002 3563 5321 9300 6644 7997
380 6176 1889 2210 5155 7426 1957 5349 7339 4908 7183 5583 3027 3827 3379 8470 9271 5848 1561
381 3520 8193 4965 8069 1734 5701 9192 1802 5702 492 8492 5676 5135 2533 8498 662 950 2781
382 7076 6917 6278 3533 9809 115 5013 4760 1657 8570 6619 2524
383 3750 5290 3596 8013 5968 6899 372 6068 3860 2679 9178 9051 7100 4958
384 195 1956 4644 8746 971 8750 2128 2644 5182 9432 4444 5598
385 2848 3746 3106 1343 8362 7082 9035 270 7728 2704 8307 949 2553 8027 1020 9021 413 703
386 3715 1892 3075 7747 8967 8648 5445 1751 3820 2895 1905 210 6101 2071 7000 3005
387 407 5792 5960 6889 2510 7475 5814 5526 1626 4382
388 9216 9732 4197 5356 7693 9230 7633 7665 3218 8150 6840 1210 6431
389 3363 8454 7049 5259 5004 7693 7055 4367 6671 7186 691 9586 6837 8663 3032 569 5596 2524 1694
390 9056 6177 5637 7340 7471 4821 7256 8793 6299 6044 1757
391 5990 3750 2568 1560 3241 2796 7373 9838 6967 5972 8885 1781 5687 6134 8186 2271
392 2217 8880 7568 2224 401 2554 9429 6260 2071 5976 8848 8666
393 38 712 9484 8046 2926 8687 5682 5107 7736 9273 6458 4572 4383
394 6017 8739 3268 5798 4902 9032 136 3721 9931 5775 3600 9688 8542
395 3778 2530 9930 5867 9935 7856 7824 5170 1981 1657 2554 5692 6269
396 3394 5795 8738 9861 2406 9862 7720 1838 369 221 5754 3293 8447
397 4449 1122 9637 8966 3528 765 6698 3596 6640 2480 7506 3859 2197 4437 2522 8636 2109
398 8768 3301 8293 8011 2541 2894 4080 7762 2003 9013 7606 2647 3285 3003 5308
399 8672 4418 7266 263 8874 6543 3218 2772 8117 4118 1079 7836
400 8743 6669 8078 6704 8178 7219 5236 5525 3508 1719 8920 5596 8252 5439
401 9344 2145 5241 7503 6962 5682 6388 8790 9593 5146 3164 1885
402 6465 2 2695 7881 5020 8559 144 7165 6968 8507 7288 4381 767
403 7359 3521 6020 7036 3304 7736 4079 5552 216 6265 6266 2939 5308 4351
404 4929 9187 6116 997 3783 8974 6256 6449 468 1335 5081 5532 5239
405 3616 6627 1957 5093 3079 8423 8711 8362 9552 6737 3729 92 2973 9279
406 3968 5634 5317 2790 871 3528 3375 1552 6265 9402 4351
407 4003 7493 4646 8167 7654 1130 2571 7545 3422 1727
408 2048 8450 5251 8644 4266 4302 2996 9396 792 8922 6170 4476 3037 5886
409 3296 7969 3169 9632 5572 8319 8166 8896 1058 9548 1710 9199 3380 1496 1625 4474 8731 2655
410 3684 5350 6503 9256 5450 2413 974 9583 1198 7510 6745 4444
411 6979 3364 9157 6918 6630 6534 1866 7118 271 8947 9299 1941 4664 1625 6683 7837 5022
412 2402 3586 3716 7174 8830 811 203 9004 8559 9363 7895 6588 9598
413 4644 5125 6075 7751 7657 8815 7824 4372 9557 3547 2233 411 2494
414 4832 1601 8899 707 1606 2248 6796 5388 9358 8910 5458 2355 7379 9075 4954 6739 9722 3260 6429
415 6821 9961 2217 1770 1613 2066 5874 9587 3189 854 3476 1880 3225
416 5093 3301 6568 5065 1992 72 8332 6152 2794 3720 1105 7155 5276
417 3392 1665 7810 2274 1979 7180 240 1489 1523 53 950 1881 730 3099 5663
418 4993 8866 6541 4442 5103 1715 9459 1620 7642 2717 6750
419 8195 3653 2693 2279 2615 3319 3440 3345 1425 532 4821 5815 2842 2747 8350 2335
420 9920 6628 8071 1419 300 4077 9358 7151 8625 2839 3004 4351
421 8832 5144 4613 326 1072 3795 8949 8598 2199 1912 761 8890 1212 2143 2111
422 7041 5218 9796 7333 5193 2680 6840 6606 5359 2296 8445 5147 3069 4286 5887
423 1760 7939 9827 4311 1288 6153 6922 9743 3345 882 9332 2773 8343 5112 9530 9244 2143
424 5666 4552 457 3882 1710 8527 2064 849 5583 8469 6166 3959 3673 5692
425 1728 4161 2852 871 843 652 8272 7063 2066 6707 3987 2263 312 9562
426 3552 6115 1892 518 4743 7784 8009 2570 9577 7787 3630 7887 9429
427 1956 5320 1034 5450 1136 3506 6259 3379 1430 9335 3963 667 9086 9567
428 6468 2918 296 7817 9898 2764 141 6286 7213 6897 4627 7027 9688 4379 4060 7101
429 8641 7521 2275 8676 9701 2242 136 8780 8878 5491 759 792 7513 2908 574
430 6017 4385 9129 6890 1195 750 9838 9746 5365 4470 6549 8216 5369 3932 2078
431 9857 4649 3531 3212 2125 4687 4755 3637 663 2587 5755 1788
432 5287 7784 4586 7851 5674 9290 2668 4624 7676 374 7416 7801 8634 6940
433 6722 3043 3395 4233 2958 496 5172 181 1237 5753 9434 7197 3870
434 3425 196 901 408 9450 8170 7756 208 6706 8501 7317 3512
435 4640 5728 1092 3621 4326 9708 1006 1937 1237 507 2203 92 6270 991
436 8352 7844 8839 6281 2571 7375 1299 6676 9045 5301 7894 4856 8345 7356 5053 2750
437 6917 5291 9421 7248 3249 3154 1369 5434 8731 348
438 38 5127 360 7559 2508 3821 6926 3373 1937 4401 8179 5458
439 4801 1379 323 4197 1638 2985 6094 6031 5104 148 6901 6040 9755 158
440 1463 7289 5444 5064 8428 8046 8111 4527 7759 3058 1587 2741 1942 2263 6582 1369 4314 5342 8895
441 439 6594 8610 1220 9030 1515 6700 9015 8078 2318 7790 9463 8921 4890 5595 6525
442 7107 3331 5769 3147 9421 6141 6356 2005 3959 3357 3163 8093 1118
443 6602 1451 8043 5682 9043 1780 789 9845 5815 7352 2325 8764 4383
444 1728 1665 7010 483 4677 2118 6343 9449 3792 6291 726 4215 7385 2911
445 8224 6724 3557 1896 6217 4747 1419 7691 79 6130 410 4667 7965 4350
446 1984 2018 4071 7303 3753 8042 7115 7627 7437 8686 9551 8722 3637 2168 4124 7485
447 483 6249 6253 8077 6896 1202 3038 6487 2046
448 5794 1445 1127 139 7902 2190 8814 1424 7569 1169 7827 272 4373 8022 374 7349 4341 5340 3357 343
449 6112 1028 6312 3881 8714 6381 5391 3728 4501 3992 191
450 1058 4487 7368 3004 6379 5739 3182 4238 1167 882 9301 6938 4124 5693
451 8835 9636 9004 9079 9872 2769 4692 2197 9207 7513 2263 349
452 2304 3778 9442 4066 9541 3236 3427 9619 979 6547 2102 4660 9945 7100 7357 8605
453 1121 8037 4041 8138 1292 7340 2712 2038 1719 6936 9241 9691 5788 3006 5247
454 2818 1602 5892 2823 14 5295 3794 9207 1111 3260 4638
455 2467 4388 9130 1867 9466 8490 2414 3567 6262 6201 154 7163 4926
456 1223 2058 2059 8076 2925 4491 1900 2668 5643 2516 4693 6393 797 9598 7327
457 9954 3398 1608 9577 10 5615 6929 2260 9434 219 1788 1055
458 8579 4324 478 905 2476 716 1615 6097 5874 5141 5437 4381 62
459 1495 5350 8168 4040 8554 7790 2960 6035 2071 1363 3479 6457 8538 3453 95
460 1153 1145 9732 2314 1962 4880 9872 3249 9043 2869 182 7448 8185 1885 7838
461 9728 3722 6893 4333 8880 6289 2420 3572 4726 7039 9721 6397 2079
462 3363 2885 7262 8715 4588 4237 8780 2941 9138 6550 6327 5401 6525 6878 1823
463 2018 6114 8615 8808 8618 6413 5872 8625 1586 4626 9300 6231
464 1729 9569 132 6469 3463 6250 1052 3917 4302 5044 6805 8888 7193 6492 5086 1407
465 3616 3682 331 9357 1838 1168 278 4152 8570 6010
466 9988 701 9096 2313 3783 5708 5676 47 5200 4180 8342 728 124 349 1150 3007
467 4923 5442 7427 199 9933 7344 369 4115 7382 1014 6426 4891 6044
468 3808 7457 1218 7267 2532 3781 3460 5316 2472 6793 2926 3726 6995 7192 7290 6332
469 6176 3461 1255 7976 3656 4766 5772 9132 3183 9743 304 9372 6941 6302
470 3041 7553 9507 4771 3818 9675 7375 1807 4177 4529 4628 9461 695 6616 8794 8924
471 4769 1826 8547 6498 110 3473 3249 5239 1273 4955 6780 3133
472 482 8835 7688 9930 7180 5901 5166 7215 5869 849 3411 183 8025 9438 1567
473 4706 8035 5092 9444 2349 4942 9902 6448 6258 8469 5654 952 3417
474 5601 1637 5990 1127 5737 4907 7627 6251 9518 3758 5329 17 84 8309 4667 6650 5755 6428 8733
475 512 5568 5346 8226 4354 4675 5348 106 6767 6646 5758
476 3522 6082 5701 5800 6641 315 4914 2707 282 3547 3933
477 3655 232 4553 1884 3562 9710 9936 7472 691 2483 6869 6778 9945 954 7772 5917 4414
478 7489 6241 4162 131 3458 38 8327 2083 425 5917 9003 2644 1236 829
479 3362 7651 4388 2565 6470 8552 7560 1807 6448 9040 1583 1843 9395 9076 2614 5783
480 3479 1028 4199 8747 6187 8767 7248 8528 9298 7826 5340 2135 9308 9407
481 2685 4134 6343 2856 4683 5900 3691 5678 110 6161 4115 5652 2356 7795 4728 4314 8445
482 3457 1923 5701 6021 167 4007 4362 2896 9746 7890 372 9045 3926 4631 1148
483 6116 6404 5418 7563 4684 2572 8175 6097 1907 3251 4629 3894 7002
484 6912 420 9669 8734 7 9511 5163 5964 1136 2769 657 2677 2943 5112 62 639
485 9089 3464 6633 10 4683 1003 7213 8685 8908 9424 8883 4566 505 4703
486 3169 6978 8739 2533 2406 9674 4970 813 4942 687 1838 8501 7256 4093
487 3746 3843 7074 5957 1252 8903 7948 7951 9429 4343 1081 5821 7103
488 3744 4706 8930 8260 7940 5052 3371 9679 149 6358 4986 860 2781
489 5762 6468 228 4070 5321 1483 3022 1935 626 8916 1241 1244 3262
490 6785 2950 8167 4842 5854 2291 7987 789 6872 6300 9950 4799
491 738 132 806 4988 72 7563 3084 44 9548 5680 9236 7925 2650 1340 3262
492 7971 7686 1639 744 7367 9802 1611 2732 8622 7630 6196 6933 7638 6712 9433 1083 3804 4222 7103
493 6437 712 8265 7817 7915 1196 4782 1423 6896 4752 9784 7806
494 4928 3297 9153 3203 8069 1669 4679 2408 5006 1230 8720 2414 8912 6262 4824 5785 7837
495 8263 2951 6249 8267 7915 4045 207 6612 2811 701 9022 2207
496 6529 8387 8004 8166 103 2536 1256 2419 1139 3192 6973
497 5921 7274 3660 4716 5166 5293 79 8787 2356 949 1557 3288 4955 6652
498 7969 8898 5287 808 4076 5710 2158 2384 4721 8819 6170 8092
499 6242 647 2602 9258 3820 4814 9615 1169 5139 4789 5654 1752 1978 5821
