100
0 515 5125 4616 7179 3599 1040 5650 8212 21 9241 548 4649 7212 8749 54 7737 4157 6718 5191 4682 4684 7245 8272 5716 87 7770 3162 4188 9822 6751 6243 5736 3689 4715 7278 6768 5240 3194 7803 4221 4223 2183 6284 655 7845 7336 2741 2232 8379 8381 1213 1740 6350 4312 2265 1246 738 8939 6383 9973 9975 9464 6908 8445 1279 4864 4370 9490 2325 2839 5405 4897 2852 1324 9523 4403 8501 2358 1849 830 2387 8020 4436 3412 2409 8556 4469 7567 2959 7057 6038 3484 6565 1957 5037 9648 1463 5562 3517 6089 4044 4560 2515 5595 9181 3042 6122 5103 9714 5628
1 4099 6155 4625 3603 1051 5662 4130 6186 4656 3634 5693 1093 6725 5194 4173 6224 4691 5720 3677 2145 5225 4204 4722 5759 3201 2180 9350 2697 4746 9867 8846 9876 3735 6813 9381 2728 6318 3766 2235 9408 3267 1742 4823 1241 3298 2794 1773 3824 1272 8442 1792 7432 9999 1299 278 9498 3355 8477 7966 8993 6434 7471 309 3386 826 8508 7997 5440 1858 9540 837 2895 342 8024 2394 4443 1373 4957 1889 9059 2926 375 9595 1404 8063 7564 399 8082 2450 7061 4509 7083 6062 8113 6593 459 7628 7630 8659 8156 6624 7661 8690 8179 1016
2 5 7686 8202 4110 534 9752 1054 8735 34 9252 1584 7221 8764 4670 62 7748 9285 1614 7250 9814 1116 95 4703 9314 6760 1645 627 6262 9847 4734 7810 9347 7312 6295 5784 1178 2714 2214 7345 6324 7872 4296 1736 7375 6357 2776 221 7905 5346 4329 7404 8948 5879 2809 4358 5908 1300 4891 8481 4391 4918 2871 4920 4420 843 5970 872 3951 6003 2933 374 2433 2962 3482 5535 4013 2995 3515 7100 2494 4042 3024 5075 3544 8666 7133 2527 6633 4075 1516 9197 9716 3577 7162 8699
3 4100 2571 4626 5680 6192 9780 3128 7736 8763 1599 7241 1098 5706 4688 7767 4197 8299 6255 9842 4723 7798 5246 2693 7303 2695 9873 2198 6808 671 5803 6317 4785 2233 6843 2755 7365 3278 3281 7891 2260 3804 2786 7396 1257 6379 5867 7922 1783 2295 8448 2817 2848 296 3375 9011 2357 5432 3901 1344 7489 1871 9039 8542 2911 8545 1379 5989 358 9068 3437 2419 884 6528 389 7055 3990 4504 8604 1441 4025 451 7117 974 7643 1500 6622 6113 6625 6627 3561 7148 9718 4087 3066
4 9738 12 4628 5148 1566 8230 3114 45 2096 8753 4661 9782 568 7234 2627 3654 5704 72 3147 2129 4694 601 8796 5214 3687 105 2668 9840 7804 7818 3213 9870 6800 5264 1686 8345 3738 9372 4255 1188 2726 6833 2228 8885 1719 9405 4286 702 1221 2759 1744 3802 8411 9438 2784 227 1254 3304 4842 1777 766 9471 4865 7950 9488 5396 4375 7452 816 9521 6965 1336 2874 8008 9554 5462 1369 7518 6500 8041 9587 1402 2432 4997 6040 8099 4523 5550 7601 4532 3004 1468 5063 5583 4565 6106 1501 5088 2024 7146 4598 9719 6648
5 7173 522 7183 535 5655 5147 5151 5665 9771 1587 566 6201 6212 3148 2127 5201 4697 9307 7785 3179 5232 120 4728 7297 9349 6278 9864 661 8346 7328 6307 6309 5824 7363 6859 1230 7893 8412 5341 7394 6375 6890 8942 7924 9990 2311 8967 8457 2826 4365 1807 273 8470 5914 1308 3361 8998 8488 2857 1838 9522 1339 838 4431 9555 5980 9053 1888 8033 3425 7522 869 7014 2923 4976 368 370 9588 3957 9084 1405 2435 6022 3470 8594 5523 4502 5019 6558 7072 2994 4031 3016 4555 9681 1498 5085 2532 9190 6119 3567 4081 3060 5116
6 514 8196 2058 1041 5146 28 547 8229 8744 2091 3635 1078 2622 8254 576 9279 9794 8777 3149 2655 3170 9827 3697 1659 2684 9856 5772 2190 7835 2717 5278 3232 1184 2223 2738 4282 3265 4809 5330 3796 7897 4315 5340 4317 3302 5863 4846 3829 6390 4344 5373 7934 6400 7429 7944 4362 8460 5906 6935 4889 7450 6433 7977 9008 5939 7483 1342 6470 5968 9041 2384 6503 2919 6001 8576 6532 7051 8076 3467 910 7582 7080 8109 7615 8130 4036 5575 1491 7644 478 995 2020 8163 1005 8696 4093 511
7 9218 2062 8719 9744 4116 7700 8216 1563 29 31 3617 2089 561 3122 9779 1594 5178 9276 2623 8781 3153 5209 4186 1625 5215 8812 3184 9841 1656 5250 6279 5776 5778 3223 8343 666 5277 1695 3749 2221 4782 5811 3254 6838 4283 5308 8383 6341 4813 7374 5846 4318 2790 1262 6900 4345 6906 763 1788 4366 782 8464 7449 4892 7983 2865 5426 9526 7480 5956 9029 844 8534 9047 345 9563 9060 879 5488 8561 6519 4989 8080 914 8596 8598 1943 6552 415 2469 9130 8115 1974 4032 1479 6088 3533 2005 477 3038 9695 7150 2036 8693 3065 9726
8 9221 6664 7693 7695 528 8723 25 6695 554 7724 7726 56 7226 1085 8255 1088 9287 3146 7759 1619 7764 5205 8789 9818 9318 3177 6763 620 7790 1650 8820 122 124 9345 7817 5260 7319 8350 6819 5291 2737 1209 4793 5822 6653 9411 7883 6356 9942 215 1244 8414 6885 7914 5357 8944 2803 6387 246 3843 259 4868 8458 8468 4374 2846 7460 2877 3909 4938 4440 5469 3940 3442 7028 4471 9594 1410 8582 2439 9609 911 4498 8084 1941 5527 3999 5027 8611 8613 2470 9640 942 9142 444 4548 5062 2505 7121 2007 5593 3036 1507 5093 2536 9706 3565 2038 3067 3069
9 5639 8208 4127 5664 2086 8241 3126 4152 1595 5697 4676 6220 6227 5206 4709 7274 9837 6253 8313 641 3206 9355 4748 8334 2740 4284 3264 4808 8392 3794 1752 6881 2276 4841 1785 4348 4350 1794 5378 4357 773 1303 282 3356 7968 1827 4390 2350 1328 4912 8498 315 6980 4423 2383 8531 340 2905 1884 864 4448 3429 4978 1394 373 2938 1917 6531 8075 6032 7576 5543 8630 4024 7609 447 9154 8133 4039 971 9677 9682 8663 472 7642 9187 996 8166 7145 6124 9710 3573 1526 505 7675 6654
10 0 7170 1031 9747 5143 8217 6682 4643 1062 2603 4154 574 8263 9800 3659 78 4176 6744 97 7267 5732 8294 9835 1649 1651 636 6790 3721 6283 7310 4751 5267 4254 8356 3752 175 4783 5300 3258 698 7868 5825 6852 6345 5331 9939 6358 3289 1754 7899 4316 6376 7407 7930 6914 5903 5393 2847 6949 9000 4907 5934 5941 310 2878 1355 3920 341 4951 2909 866 8036 3428 1386 5996 3955 372 4982 2940 3459 9614 5013 1430 7573 3998 3490 4519 1448 8618 8621 434 7604 9145 2506 9676 1492 8662 4060 3552 8160 2541 1006 496 1527 4095
11 8704 5127 7181 8730 4124 7710 6687 7210 4658 6712 9790 7743 9284 5192 7243 4174 8786 6228 5718 6745 8284 7772 7272 4720 5748 5248 9857 5251 1670 2182 7305 4236 4753 5780 1172 1689 9375 672 2215 8875 1205 7350 705 8391 8904 5837 9935 1234 9437 8420 3819 3821 252 8960 6912 5893 3335 3848 783 1296 9493 8982 285 5922 3364 3881 812 1329 9015 9528 8511 2368 1856 4419 3397 9542 2382 4946 2899 3926 347 8034 874 2928 8573 1407 907 2444 1934 9106 3988 3488 5029 4518 5544 2477 1967 5558 3006 3521 5058 3523 9168 3039 5614 6137
12 6656 1026 2567 3594 7178 8716 525 527 4111 20 3093 24 26 4637 9246 556 3124 1591 7232 2625 8258 2557 5703 6222 9299 3159 1113 90 8798 1119 8289 5734 3691 622 3190 8823 4732 1158 6281 7308 657 9874 1684 5268 7322 9885 158 6815 6306 7347 8889 9916 6846 2757 3784 9417 6347 1750 7895 9951 2788 1255 6378 754 1781 5365 9982 9984 7941 4872 1290 1816 4379 7972 4911 4410 5437 7999 8007 8521 8038 4969 9580 7537 4468 7030 1913 3454 3456 5505 5004 2961 6039 2460 2466 3493 7610 3522 5571 5070 6097 4569 5596 3040 5602 9707 6128 9201 2045
13 4614 5643 7714 4153 6202 6716 5182 7233 4680 2635 5707 5709 6749 7780 5742 6258 2174 1157 3720 6282 7311 6807 9881 7836 4771 5798 9901 686 8886 6840 9914 4804 6346 6348 7892 2263 9947 7902 7904 4837 5866 752 7410 4343 9980 4353 1793 5382 9992 7442 8469 3862 795 1826 8996 5415 2866 5940 1332 8502 3895 9017 9531 1859 6984 336 1365 9564 861 1892 7017 7531 3436 9073 369 4977 2932 1398 6006 8568 3961 9597 8580 5002 2955 2957 3986 1946 2463 9120 3494 6570 2990 6064 4019 1979 9153 3527 3023 4052 985 3560 493 3056 6130 4085 1018 8190
14 1537 9732 9223 7177 6154 2570 18 22 1047 2072 8232 6187 9261 51 8757 572 1607 2632 8265 5196 80 1109 8794 2142 8288 1636 9852 9357 4749 9361 3731 6811 2204 1179 4257 2210 8358 2735 3760 9393 4786 1208 2237 2243 3268 9413 4294 9927 3793 4819 3301 4848 8957 6910 266 4880 7954 3351 5925 5414 9004 4406 8512 6466 6991 8533 4439 5464 6499 9578 5995 8044 5497 9093 9611 7053 398 7059 8086 5016 923 1948 5534 6561 8612 6057 7594 431 9137 1981 6598 7627 2016 7656 8682 7662 9205 8181 1022
15 7174 9735 3597 5646 3088 7696 6677 4120 8729 6168 9757 7201 9250 4642 3628 44 5685 8758 9787 9788 3651 2628 67 2123 3158 3682 9321 9323 2185 9879 2715 6300 2725 7333 2216 9910 4279 2746 1727 3783 1746 9941 727 218 8413 1251 3814 8937 1261 9972 7925 5366 3317 758 2808 774 1805 7438 277 6941 801 8994 9514 1836 1331 308 7995 6465 836 4935 331 7500 8532 1366 9052 8030 1890 871 9576 2921 7535 8559 1393 8567 8057 6535 6026 9615 5529 6566 2482 5560 7616 8647 5069 5610 9709 494 5620 1525
16 8721 7191 542 1567 7208 8754 2613 9783 9274 571 3133 573 575 7746 7253 600 7779 3688 6766 8816 7286 9336 633 1662 4227 7315 5782 5273 6302 8863 7841 6828 5306 6335 4289 7377 4817 5844 4831 5877 5368 6412 4879 3348 6938 8478 2335 4896 3874 5416 6445 3381 1341 1351 2890 3919 4432 3410 7000 2397 2399 9567 6507 4465 7033 384 1413 8583 6536 2954 3981 1939 2459 9629 1446 2985 1972 2492 8124 9662 8645 7625 4043 2001 9171 988 495 9204 9724 4605
17 7682 5652 3607 2588 3103 3105 7713 4131 3622 3638 7744 3136 3663 8275 3669 5243 643 8836 3717 9353 2187 1168 1691 5282 9384 2218 3245 5813 1207 9917 1726 5313 2249 3276 1755 9948 2280 3822 2813 6918 6417 7961 796 4381 5919 2339 7467 7992 9529 5946 8518 7498 333 6485 9560 2398 8031 8549 364 881 8062 9599 4480 7043 393 6030 920 5530 8091 2464 7074 8101 9136 5044 5561 441 959 7105 8132 2503 1484 6094 7638 8155 990 4575 7136 2534 6125 8186 9723 1021
18 5632 6663 9743 529 1556 5663 8745 7723 558 8244 7222 59 9275 61 1086 1092 4170 9809 595 1622 2653 6758 2152 5230 9838 624 8310 7288 6787 7814 6286 7847 6319 7346 3769 5818 1216 6853 8902 7878 719 7383 4327 8432 8434 7412 251 5884 775 5383 6410 4882 274 5913 8991 4383 804 5412 1835 307 4915 3893 1334 9020 4414 6977 5449 6476 4948 7006 870 6509 4981 6008 2429 1926 3984 6035 9115 8093 3487 2986 4017 3516 1992 4050 1495 8157 8159 8680 2025 7658 3052 9711 5105 4083 1524 8188 3582
19 7175 519 4633 6177 7204 6700 7731 6206 7237 6733 5199 1112 6239 9313 6762 4724 6268 9342 1668 4230 6795 9869 147 4757 1174 4759 6301 1701 4263 5290 2743 9404 703 8900 8406 732 7390 1763 8933 6886 3307 7917 238 3830 8439 765 7423 8962 3336 9993 271 1298 3863 1825 2338 8995 3369 300 3892 827 1854 9024 9026 2371 2894 2896 1360 8530 3925 856 2400 9057 2402 5474 3431 6516 7547 1916 5507 3460 2956 1422 3987 2462 8103 2989 6063 4016 4538 1978 2495 5569 5065 6092 8654 980 9685 2524 5094 3051 4078 7669 1013 7671 4600 5631
20 1538 517 10 3085 8209 2578 6172 5155 2087 41 3116 8240 2609 5683 9277 583 3151 1105 84 7766 9304 6238 1635 614 107 3182 1136 8306 2675 7797 3704 6269 9343 5254 4747 142 9362 2710 4248 7325 5285 4778 9900 173 5815 4287 8898 2246 2768 5842 730 9436 8929 2277 9966 5873 9459 5875 2807 8964 6917 7447 4380 6948 6441 4910 7478 6971 5444 3399 4937 5974 5467 4446 8035 3430 4968 6005 4477 1409 8070 9608 8589 6542 918 9117 9647 949 442 9148 7103 7637 7130 3546 2013 1506 8167 9705 6639 7668 7161
21 5638 8214 1559 7194 2090 4144 1080 5688 2621 4675 3665 2654 3169 4708 2156 7301 656 6803 8342 8857 4251 5793 1187 7334 6836 7367 7882 9421 4815 6869 7384 4832 6377 9454 5361 9969 5363 7417 1795 9996 1297 8983 4890 284 1828 3882 6448 832 1861 9033 5454 6481 2902 350 865 6514 3458 9101 8590 2445 3989 408 1435 8609 3491 9636 2478 2993 4020 4022 6074 8642 3524 972 2511 3026 9173 4055 474 6109 2528 3557 4072 1520 9721 507
22 6657 5121 516 8201 3083 17 9239 3609 1052 6688 48 9270 8766 1087 1601 8271 1106 9816 602 1632 5222 3176 8302 118 8828 2176 5253 3215 8849 8851 149 664 3741 8354 2211 5284 8364 4780 8882 180 4281 4803 5838 9938 3795 2772 2273 4834 3308 3826 2820 5387 780 3346 7959 6426 2855 5418 2352 8499 5429 7990 3389 4418 7495 8010 5455 4944 8021 6488 1370 7526 4979 8052 6014 7557 9619 5014 3478 1432 4515 1966 5041 9650 8631 5047 9146 1467 7107 8651 8142 467 4059 6620 7138 2028 9208 1529 7674
23 3587 4107 3084 5653 3616 5159 4136 8746 3117 6705 2103 7225 9798 4169 3155 2132 6240 3686 2667 2165 9335 6775 8314 1150 4738 3719 2696 4239 1682 9364 1183 3748 9899 7856 1715 9397 1212 198 9928 2760 1741 8914 725 3287 9434 8415 1250 231 3818 2799 8947 2297 762 8444 9477 7440 805 7975 7473 1330 311 5433 6458 9027 3398 2377 8524 7510 9559 4950 7022 7543 5501 9089 2946 5506 904 6033 7572 6553 2974 5539 4516 937 7084 5045 6070 1462 6590 4549 9159 9679 6103 5080 3559 4586 2026 1007 6132 6134 5113 6652
24 7689 8714 6670 9234 7190 1049 30 32 5666 3109 9766 6703 562 9267 4150 1082 4674 9795 7751 1610 6732 9296 6233 92 2660 7784 7788 6765 9329 1144 125 7813 1672 6794 2711 4769 9890 7846 6827 4270 9391 5819 7875 5318 4299 8401 2771 5848 7908 1767 5351 3825 249 265 3340 4878 2321 5398 2853 5930 2354 5431 4412 2882 1346 325 5959 3402 4940 855 7520 2915 5992 362 3435 2416 888 8574 387 9102 1936 917 9622 3994 2975 2977 420 1969 4027 7613 449 5064 9164 8665 6621 482 6116 2540 7153 1012 9717 1532
25 6658 3079 2575 3602 1050 2077 9760 2083 3110 3141 4168 3664 5203 4699 5730 3172 1647 5234 4730 5757 1664 8330 2699 3726 9880 9369 670 3234 1703 8361 9388 3757 178 8371 4790 5817 701 4292 1734 2761 9427 1236 6877 9950 2271 3296 2792 9458 9462 1275 9981 8966 6922 2314 5397 2843 7457 8997 2345 4407 8507 9534 6463 7488 9028 845 8019 5975 6494 353 7527 876 2942 9090 6019 7046 4494 8592 5521 6548 5017 6050 1442 9635 4525 6081 4556 8143 5591 1000 7147 8174 5622 510
26 8193 7687 6159 5648 536 9754 6685 8224 550 7209 6188 1076 6714 2107 6209 4681 76 9294 8787 7768 9828 7782 2666 6254 5745 5747 1142 7801 4217 7811 645 9352 1678 8335 1171 150 674 183 711 200 2765 7382 9944 6873 6875 2270 7906 233 7415 5384 1802 4367 9492 286 1311 3870 1822 3363 2342 5417 4396 305 3889 2361 4417 6978 835 5448 1868 7504 3922 6483 9558 7011 4462 371 9591 9080 2427 1406 1414 4491 7052 5524 1940 412 3996 5031 4520 7085 7611 4029 3520 4557 7118 3027 5588 3029 4062 3553 6114 7151 2039 7677
27 8194 4102 6156 2574 15 2064 6683 3101 2593 5154 3626 9262 4660 9791 9281 5189 3661 5712 4184 9820 2659 5220 4713 1131 3692 4717 4726 6782 2690 8326 9351 4744 2196 4250 160 9378 4781 3758 3248 6832 1720 1724 4285 7869 3777 2756 5833 9936 6867 3283 7900 7392 226 9444 2791 1263 4847 3314 9971 755 1786 2822 8968 2315 1294 3349 8474 1821 292 9510 2346 9003 819 1852 9034 4434 9561 8540 1887 7524 3942 9069 8051 885 9592 6523 1918 8575 9100 916 3993 6554 8625 8117 951 440 5060 7114 3532 8656 5587 8148 7641 475 5095 7149 6641 5618 8183
28 1536 7683 9226 9759 1569 8739 9259 8238 3631 2108 8765 8767 8768 2113 5188 3660 597 2646 5721 8801 2146 3693 7277 8307 2679 9859 5258 4237 3729 2708 3228 2208 8871 680 3762 5816 186 4800 2245 7381 5853 4833 5353 1771 4332 5891 5390 4368 6931 6430 4903 7978 4401 7476 2873 5953 4932 9557 4438 6492 1374 2910 5986 9065 7026 6525 2943 6530 391 5516 8077 1937 7063 1436 2972 8606 6563 5035 7088 1970 9652 7608 1469 1474 453 9169 8146 986 8668 486 2542 2032 1019 8701 7678
29 4608 7685 6666 7192 6173 7716 6697 4146 7223 6204 3137 8770 7747 2118 9295 4177 7254 4702 3168 7778 2149 4207 4719 4208 7285 123 8831 4740 132 8842 6798 658 5266 9368 8349 6304 7848 8873 689 4278 9399 191 9923 7879 1738 6860 720 5328 4309 9430 1245 9954 1769 6891 4340 6398 2816 8449 7424 3341 2323 790 3867 9500 8480 295 3372 9005 1839 821 3898 2879 326 3403 3929 9562 8543 357 3960 4481 5006 9107 922 5532 2979 6056 7094 5563 9663 3010 8643 6087 3535 2003 2517 984 5594 3041 8674 6118 5607 489 3566 2548 9725
30 518 8713 3595 6158 1046 9243 8220 3102 1570 8227 9765 551 3624 6189 8750 6191 1073 1079 9272 58 8253 3135 3653 7239 6216 8779 2638 6746 1631 609 9831 8808 6249 3690 2671 116 9338 6779 1660 8320 3202 6786 650 8845 5779 153 3235 8386 3785 8911 1238 4822 9433 219 8419 741 4325 8940 5869 6384 5874 7928 248 6909 5888 5399 4376 798 5921 7458 4906 9520 306 5428 2880 3405 3933 7517 2913 5987 4964 9581 2420 5494 4475 9623 1945 4508 7590 6571 8112 7093 5067 8140 5589 2011 4574 6629 5096 8173 7157 2040 4607
31 2572 6674 2066 1561 8221 8223 9761 4648 5677 2607 4158 7236 582 5708 7761 5202 8785 4185 6748 8287 1129 4714 5743 7792 4216 8316 7302 1160 6285 5774 9360 6814 7329 4791 6841 3260 7360 6351 208 9426 1237 6872 7901 3295 7395 3816 749 6382 243 1268 6907 7932 9469 3326 9475 6921 786 3865 9506 1317 6952 8489 1846 3896 1348 2886 5451 9549 3406 1873 2388 3931 860 3433 2944 1408 9095 3464 8586 397 926 6049 4004 4006 9126 3499 7089 2481 953 6080 3530 2512 8149 5590 4573 9693 4070 5617 2547 2046
32 9731 6152 7186 6167 2076 33 9762 6692 8743 8234 7727 6198 1593 4156 1099 7248 6229 1624 4187 6754 8805 4712 7789 9330 6260 8311 4727 4218 6785 5252 5777 6291 4758 1688 4249 7326 5283 7851 4789 4280 7357 2244 4820 8435 4851 7419 2300 5886 9472 4360 7436 3853 2324 7962 3359 2849 8482 3884 5425 2355 313 8513 4931 3917 5966 853 344 1378 359 3946 9579 6511 2417 9085 390 3977 9610 2958 8591 915 1950 9118 421 9641 8622 4023 9147 452 7111 6602 8653 1487 977 4054 9687 9178 2012 483 7142 8684 1518 7667 7160 9209 2043
33 2049 5636 3086 5649 4629 2583 3612 4639 8737 2082 3119 2608 53 570 8252 3645 5185 2119 3666 2645 4701 2144 8811 3699 1666 4226 9865 3210 2189 4750 144 4752 2707 3736 1181 6824 3243 7860 8374 8376 1214 3272 5325 214 9435 731 1761 8931 740 9960 5358 2802 8951 247 8446 4867 3849 6411 7441 6420 6937 4908 1327 7474 6453 6970 1853 4415 9537 9545 6473 9547 9036 1356 8526 6479 5964 9556 7007 8037 6506 7536 8562 6002 7045 5511 3489 1449 2987 430 2996 1977 2490 4539 7614 8650 7635 6614 9176 7131 8161 5606 492 5102 9713 4601
34 6147 1540 5126 9741 7694 7697 6676 8732 7196 8222 8225 1575 5161 9775 7728 1077 6711 8247 5690 7231 6213 4175 9298 7763 1108 6742 3676 4707 4206 4209 5746 7794 5756 647 2184 5771 8844 1167 9367 7320 5802 1198 7355 7867 6337 713 7884 8910 6866 9943 6368 744 8424 2814 2308 9989 8969 3858 5404 1820 2343 1322 304 8505 5438 1855 4421 9544 1357 337 339 5463 8536 1886 868 4452 7545 8571 6016 392 5008 4501 5528 3485 4511 2467 4014 6073 4542 2498 4048 7632 3031 2008 991 3551 8165 2533 4589 9712 6139
35 2054 9740 5134 8720 8722 9242 3614 4126 1056 8228 7722 9773 559 1589 3647 4159 6728 2120 9308 4193 2153 6761 3180 9839 2682 3714 130 5767 5269 5786 4779 4268 7854 3246 5298 9906 7356 2748 7361 4802 196 8912 4304 7890 5335 729 6362 4835 3813 5862 6893 4334 5364 7422 262 5899 1293 6926 6929 5401 6428 4901 6959 824 6461 7493 5965 1359 5457 6995 2389 5994 8055 9083 6527 4483 6021 7559 2953 5012 8088 927 7588 1454 5552 8121 961 1988 460 4046 1490 8676 7654 2550 8187
36 3073 1542 9228 8718 5651 1044 2585 5661 1573 1066 2093 5682 6709 2616 2124 8793 4700 7260 608 4192 1128 6264 3205 4231 8333 4754 5781 1690 4262 5812 5305 1721 8387 4293 8390 9414 8907 6861 3280 3798 8918 5336 5338 8926 4324 6892 9968 6386 3319 4855 8447 5375 1791 6915 7942 3851 8972 5406 7973 7466 4917 7497 9040 4441 5468 3423 355 7528 3954 4472 386 8068 3462 2965 9110 8090 9116 925 417 1444 7598 6580 9141 1975 956 9661 3518 3534 9172 2006 8152 1499 9692 9191 3055 9207 8697 3579 8703
37 7680 6661 2053 1032 9231 539 7197 9248 5156 6694 6195 5686 7230 4166 7758 5715 7259 9324 7791 6257 129 7812 8843 659 9877 1694 3239 6312 8876 2733 692 6842 9409 6855 4314 1756 9442 7907 8423 8938 1259 7408 6904 4347 1787 2818 261 9994 1810 3354 8476 2333 8992 2851 9541 3915 3416 2395 3948 1905 886 3449 2430 3969 6020 3486 6053 2983 1960 7595 7597 5554 2484 4535 5050 3519 6082 3012 970 4047 8154 5599 7135 6115 3045 5616 7152 504
38 2560 6150 3095 3610 1068 5171 9269 7227 6208 2626 4687 9817 9819 2140 3580 8800 2669 4718 117 632 9850 5245 140 9358 8341 8856 3742 2727 3242 7850 690 8372 5301 7362 1219 6340 2758 206 3285 8407 3800 8922 2785 7912 2291 3316 8438 3835 9986 6408 4875 7437 1301 5400 6943 6443 7468 7987 5435 6974 834 1863 6474 9035 1361 7001 5466 9566 1894 8551 9066 877 1392 6517 9593 381 5001 8605 4000 7584 6061 8119 5567 7619 3022 8150 3549 5598 7650 3049 6127 8177 7154 7164
39 2562 5130 2063 1580 2092 3121 4163 7756 5722 9309 5221 5755 6789 646 7822 4258 679 1704 5287 8878 7855 9907 704 1733 8404 2773 737 6884 7913 9965 4351 6401 5889 1281 1287 3855 1813 2327 6438 5926 2859 9519 5427 6964 2356 1850 1345 5955 2884 3913 850 9045 351 5984 6496 1382 9577 5485 3950 883 1908 2422 1910 9082 380 8577 908 3476 409 8614 9643 5547 941 9140 446 3008 4037 1997 7119 8144 3542 6110 3043 5609 4074 1001 2034 3575 6143
40 3072 4618 1034 8204 2573 5647 7189 2075 5149 1067 4651 3636 8769 71 2639 2640 5714 9300 2141 1133 8303 8304 2673 3702 2177 8835 137 7819 1166 8337 2706 6292 668 2207 3237 1202 8370 6325 3768 7354 3770 4288 8901 3270 6856 9930 203 8403 2774 9432 3801 734 1764 8934 6889 9963 236 8436 6391 3834 7420 767 1280 6405 9479 781 1811 1313 4899 6440 9512 1844 6969 7998 6471 5961 1877 6504 7533 7035 385 6027 9613 3982 7566 7068 7070 8098 7599 7602 2488 7104 8131 4566 484 5097 4082 9214
41 7681 3075 1027 3598 2576 4119 5659 1055 3106 6699 3629 9280 3139 581 3656 8782 5717 6235 2151 1639 3695 121 3196 2692 9861 8840 3722 148 7316 9370 2203 1692 678 3753 9898 8879 1200 2739 9401 187 8380 4799 3780 5319 8906 6353 5841 1235 9428 5847 6876 1758 736 5350 1258 1266 3320 9465 9467 1789 9476 7951 8463 7454 7976 9515 823 7485 3902 4928 320 1864 8011 4437 7512 5470 9573 4967 8552 8042 7021 4994 1930 2442 5517 7578 6047 1439 5548 5555 2500 2504 7636 6105 5091 2539 5612 6136 6142
42 9729 6153 7180 9235 7707 4638 7213 9264 50 9278 577 6722 1604 8776 1097 7240 9807 9297 83 1110 7769 8282 3164 6755 8809 9836 112 6261 1143 4731 3197 2703 5274 7839 676 4260 5801 1196 9396 182 5814 5307 709 4816 9429 4322 4849 2307 3334 5388 3861 1310 3367 5421 7982 3888 1343 2369 3396 5450 2908 4963 5990 5483 2412 2414 2941 3966 3976 401 1428 9111 8600 9631 5537 1955 2468 8615 1461 8633 9660 6076 1984 8644 8646 5580 973 479 2017 8679 1002 5613 3057 9202 508
43 4611 1028 1030 2569 9739 3596 5131 3089 1554 7699 9244 1063 2600 3120 560 7730 4151 2109 1090 7235 8260 9801 3658 79 2647 1125 8295 9832 110 2678 2171 6781 3712 4743 4232 135 5263 3221 5789 6311 6835 3252 4805 2763 3790 4310 5851 2268 6878 4836 7398 2796 5882 1274 2303 5379 6406 3846 777 7947 5905 6932 6425 5410 3370 5938 6967 6456 6468 3401 4426 8009 6994 4952 5983 5472 4461 7029 4482 2951 909 8079 3471 7568 7570 3997 6559 8110 3502 7603 9152 3013 5573 1998 2518 7126 6619 8172 7665 1522 8692 6650
44 6659 4617 7182 6161 5140 5671 9772 7215 7738 6717 5696 5200 9315 7273 6252 111 634 9340 6783 9871 7829 667 1190 7339 3755 2734 1713 5299 8883 3257 8385 1223 202 8908 8418 235 8941 4336 1779 3323 9995 1804 6934 791 9497 1314 3879 2858 1837 2360 9530 7490 1347 2891 8013 6992 3414 7523 5481 1897 2426 4991 9092 2949 4493 7058 8602 2976 419 4003 2982 4526 3505 7091 5049 5051 8635 4028 6595 9158 8660 2519 5082 4061 7647 4584 5115
45 6660 5137 6166 7195 6691 7718 7720 1577 5168 6197 8259 585 7755 8784 91 8290 7786 8815 7292 1155 8325 9354 3211 7821 1680 4240 8850 155 157 4766 7327 2213 6823 1711 8881 6329 188 1215 5829 2250 7887 8916 2775 7393 1252 5860 8422 9451 748 7916 7918 2806 9976 3833 254 7428 2316 9484 3345 1812 1318 2347 1843 3905 4934 9552 3411 1878 3936 7525 4965 2413 3967 5504 3971 7560 5000 6029 1944 4506 2973 4002 6060 9649 9143 4537 5570 6599 5066 1485 6095 7124 2010 4572 4068 7657 9211 3070
46 5656 4133 5166 2099 57 5691 2620 4689 2130 4199 5749 8829 7293 2686 8837 7307 3723 4761 8868 1191 9897 7338 3754 687 6834 2231 3256 189 9407 2752 3781 1222 8903 718 2262 3291 220 2787 3812 5356 7921 3322 255 6913 5904 6423 8984 6944 803 1830 6454 1857 8523 9548 338 9044 1367 6490 863 2405 8554 365 9583 6512 7541 9079 7037 894 7555 5515 8078 2969 7580 4513 8105 5546 5042 437 3000 6586 4544 8136 2510 3539 4564 6613 4579 5604 5100 3570 9715 6644 7673 1530 7679
47 5120 4101 9734 3082 6669 6160 8728 4122 545 8239 1075 52 8761 9792 5186 8775 1609 7754 6735 6226 7257 2651 9825 5219 8804 6259 9332 6793 654 7828 7323 5790 5293 6830 7861 6333 5823 4291 5326 2261 7894 4829 4320 3810 7397 2282 4850 7927 6393 7418 7936 3328 2309 1799 5896 8976 793 2330 5407 4898 5436 8002 3394 6983 2375 329 2897 3427 2404 9075 1397 2934 5502 7041 8578 900 2963 7571 5541 424 3501 9646 2992 6581 954 9149 5574 966 9675 8652 4056 9182 999 9704 490 8685 8687 6647 4089 9215
48 4609 9730 520 5129 1547 8717 5657 4640 5669 8748 3632 4147 565 2619 2112 584 5195 1613 8783 3667 5735 8814 2159 5752 3193 2685 2178 9862 1679 1170 3733 3224 9883 8864 9893 3238 5292 1710 2751 1729 8899 7876 6354 3799 3290 223 1760 8930 2275 9959 8437 3321 256 1283 8453 270 1809 7958 9499 8484 301 1840 5952 6467 1349 6993 8022 7513 6498 4970 5999 7024 1906 8053 7544 3962 9596 6533 8072 5525 1434 7579 6564 2473 5036 945 7090 5556 4543 6084 5071 4562 9683 3034 7645 4063 6630 8169 4593 7676 4094
49 1024 6146 8198 8715 13 9742 5138 1557 9240 3613 7206 8231 46 8756 3640 9273 8256 6737 3156 1623 3673 2656 7264 9833 3189 8822 3706 9339 637 2689 8322 1154 3716 1164 2195 3220 3222 3739 2722 5807 3255 2236 3782 5832 9940 2269 9440 5348 3815 5865 3313 4854 761 5371 2302 7938 9988 4869 5386 6925 2317 2834 1309 7971 4902 5419 4400 4923 5950 3392 6985 4433 4960 6501 4966 7018 1902 4466 7551 6534 2441 6043 8607 1445 6567 2474 1962 9134 7092 1466 1478 1995 7125 9694 7652 1511 9194 1009 4606 9727
50 7168 2050 4103 1544 7698 2584 8731 540 9758 1579 4664 6205 9793 1606 9292 606 7263 1641 6764 9327 6267 7294 5763 4233 4235 2188 5262 4765 2720 5794 8867 9894 4266 5295 7865 1210 4796 4297 5324 8397 9424 210 4827 5856 9956 742 4328 8428 5359 9457 6395 5887 8451 3333 264 2832 4378 299 6447 6451 2867 9012 829 2366 9538 3395 8006 4939 4941 854 4956 8544 7010 361 4972 2929 6513 3956 889 5508 1924 3465 396 1427 5011 6550 9113 3995 924 4510 928 3496 7082 1458 2999 9144 6585 1986 9672 458 1489 6100 9175 4057 491 6643 3061 9206 4088 1023
51 2561 2 6 9224 8203 2060 6668 8207 4113 1553 532 7188 9750 2590 2592 2594 39 3112 8236 2095 567 1592 64 9282 3143 6730 8267 1615 594 9812 1114 2652 8797 99 3174 8296 8298 2157 1646 8826 2687 4742 7823 2192 4245 3743 6305 2724 2227 6334 8896 3275 2254 8399 4307 726 8927 4839 3306 2289 4338 5895 1289 4874 268 7953 1831 1320 4909 4408 5957 2887 330 5988 9063 4971 5491 4470 1912 8085 7064 7585 6569 8116 9653 3510 7099 1982 7617 6596 4038 5068 462 8147 4571 7646 7648 6631 1514 9199 497 8694
52 4098 9219 524 5135 6164 4631 6681 5660 5160 1578 4141 9777 7218 6724 1094 3144 5193 1611 9293 590 7757 6230 88 6747 5726 6757 5226 9326 623 1652 6263 133 9359 6288 8855 154 1185 164 681 4265 9386 7852 8880 6321 1718 7358 197 714 7885 8913 8915 724 1751 7391 747 1776 7416 3844 263 2313 1292 8462 3344 8979 788 4372 3350 288 5920 3877 1325 8495 1842 9524 3383 9022 3910 1352 2379 1358 1875 2904 4955 3943 1391 3441 9590 2937 6521 2453 2970 5533 4001 4529 3507 2486 1976 3003 5566 5056 4034 9156 6093 2009 9179 3548 5089 4595 8695 5624
53 7684 6671 4627 23 5144 538 7715 5158 6702 7217 5687 6721 8772 7750 73 3657 1102 9303 604 6752 8803 7781 104 5739 8305 7283 635 1152 2181 8838 139 1683 8340 7833 9882 9884 6818 8869 1199 1714 7349 9398 7864 9915 1218 2762 9419 4811 205 6355 1749 2264 8921 7167 3293 1249 2278 2793 9450 3820 1780 8952 3841 8456 2828 9485 4877 3872 9516 3390 4929 3907 1865 5460 2396 4447 3938 1896 2925 3440 9601 4995 1931 1433 6041 9632 5026 1447 9644 2991 4528 5557 6072 1464 9667 5061 6605 7120 4563 6107 9698 5092 6636 7663 4594 3572 5623 6138 2559
54 9216 3585 4615 1033 4112 3090 2071 2586 9249 4644 3123 2100 5702 3655 9286 2122 1103 3152 2133 3684 9319 9834 2155 1132 9845 7290 8321 3725 7825 6804 5275 4768 3746 2224 6837 5304 4801 9410 3779 4807 5836 4306 5337 1753 3808 9441 9443 2789 4838 1256 4339 6402 7433 5898 5909 279 794 8989 7967 6435 7470 6961 7996 6464 8515 5445 9550 6998 8029 6497 5993 2418 8050 7031 5498 4479 902 2952 8587 6540 9617 403 1438 1954 935 8616 6575 432 7605 9654 7101 8126 1471 1987 964 8649 6604 465 9183 997 6637 8686 502 9212 2558
55 9217 3591 16 7703 6680 1565 6180 9254 1065 2601 4652 9781 7734 6715 1603 580 6219 8270 86 3163 4189 1634 9316 8297 6250 113 3188 2169 6777 4220 6273 7827 3219 5270 7324 4776 7858 7359 706 6343 7889 5332 6874 2266 6374 7920 6901 2293 6903 4346 7421 4359 9487 3856 8465 276 2837 5911 280 2337 6947 5411 8496 3891 2868 2870 4427 8535 4958 2407 4458 3953 6004 9091 906 3983 404 3481 9122 4514 933 439 3512 4540 2496 7106 4547 968 9673 4045 6099 8153 9184 2531 1003 4076 6638 3062 5111 8184
56 11 5645 7184 4125 1061 6693 5674 42 4655 6196 5175 4160 7749 8262 1096 77 4690 3165 4191 9312 8293 1127 5740 4721 4602 1657 5241 3200 8328 143 3730 4756 8858 3231 2212 8359 174 4787 5309 3262 2247 7881 8394 1228 6862 8924 8425 3827 7413 9974 8955 257 7430 9991 1806 8473 1307 7461 2856 6442 7991 1338 319 323 6477 5458 8539 354 2924 6508 1903 3446 8570 3978 7562 6543 4505 8092 7073 7593 6574 9135 950 8123 8636 7108 1476 6609 3025 3545 8158 2526 7139 6640 5621 3576 3578 8189
57 8708 1552 7187 3096 8218 9245 6185 3627 3129 8249 8251 3652 8774 6218 1618 8276 6741 2135 9311 3685 6251 2160 8309 3195 126 8832 2691 6276 3718 649 2193 2716 3751 1709 5296 2226 3253 9402 2749 5827 715 8400 5329 2259 3286 5852 2782 1775 5362 5885 2815 2306 8455 9482 5907 7451 4382 5409 6951 4905 297 5932 2370 7509 7005 8546 5475 2920 6515 7542 5500 7038 9600 1417 7071 1450 6573 8639 448 9666 1483 6606 7633 8664 481 9699 9195 1004 7666
58 3584 5637 2056 4109 5142 4635 7203 5668 4140 49 6708 4666 5699 2629 4678 4171 587 9805 3662 5204 2134 9310 4202 3186 8308 5239 7807 1151 7300 8331 1676 1169 9366 6298 9892 7335 3240 9385 8890 9921 5831 5320 4303 7888 6871 6360 5355 7923 9461 6902 3318 8970 789 7446 9496 6939 3357 8479 3883 2862 3388 8510 6982 9543 9032 851 7508 8541 1377 356 3945 3450 8572 1919 6017 6529 2947 905 3473 5522 410 9628 6048 4015 2487 445 3009 7624 6607 2514 1509 4077 6126 8688 2549
59 7 3592 8206 2065 530 8733 1057 5667 36 9767 9256 3625 2604 563 8762 1596 2110 9796 4679 9289 592 9302 3671 3160 8795 1629 2143 6241 1121 98 9829 1135 3700 4214 8824 1658 2172 5766 5259 4238 7824 2197 3230 7330 5799 5288 4271 7857 4794 3263 8384 2753 5828 3786 217 8417 230 2798 2288 2290 757 8956 3842 4354 1800 5391 7956 4387 7462 1833 6955 5420 7989 5947 4926 5951 2391 5976 4959 4449 2914 5482 9074 6009 4988 899 5509 9098 1932 2446 7054 6544 7581 5540 9638 8104 9131 1965 7087 6577 8637 9671 9160 8137 1994 7116 2014 4581 9193 2027 5104 1533
60 6662 5642 7185 8210 7708 4646 5673 6190 7216 2611 4155 1598 4673 6217 7244 7251 4182 7774 4704 1134 628 4213 9334 6778 7805 1161 7832 165 1192 6314 7341 8366 9392 695 8888 1722 7871 192 8393 1227 9420 5857 6372 7401 7929 8954 258 1285 2823 3850 8459 9486 8981 1815 3353 5916 289 5923 1316 9517 4398 6960 5424 3384 2881 3908 8517 7494 5452 847 5459 2390 3417 348 8548 3947 878 1904 2421 3448 6013 7552 3974 2448 9105 3483 4005 936 4522 3514 6079 7618 5576 3037 7649 4071 2545 3068
61 513 3076 2057 4620 6165 9238 8219 7711 7712 546 9764 5672 4653 1071 1072 7219 7745 579 6726 5705 8778 4686 7252 2649 8285 1630 4194 612 6759 119 6266 8318 1663 6792 7318 152 6299 5281 1697 7844 6825 5806 7351 185 9403 6332 5314 6858 5839 5840 4821 6365 5347 5870 5380 4361 4887 3868 2845 5413 4394 3376 5442 3409 5972 4953 3934 9569 2916 5479 4460 2423 4986 9602 2456 1963 2489 5052 9670 3015 1996 4559 978 9177 2522 1503 1504 4067 9703 3048 2029 1011 9210 2555 5118
62 1 1545 4108 9745 9751 7202 3618 5162 4143 9776 4665 2106 3649 2634 593 6740 9815 8792 599 2137 3680 4205 4210 9846 3191 2168 630 8827 2688 6274 5255 6799 8854 2199 2723 5286 7352 3774 5317 1739 4302 6864 9937 6870 7389 6369 6371 6899 2292 5878 4859 8450 772 5900 8975 4884 7445 283 807 4913 1335 6457 314 8509 8004 3407 5971 7515 4453 8039 5997 3438 4983 7546 896 8066 2440 9099 1421 9621 1951 929 931 2475 2997 8125 7109 9161 1488 7639 6616 9691 993 4577 7140 2537 6121 1523 5107 500 7670 9722 6651 2044
63 1539 5124 8197 9736 526 8726 6169 4636 4128 5157 9769 7725 8759 9806 82 8788 1111 8283 1638 8810 621 2158 7281 115 1140 8821 8312 9341 8323 7816 6806 4760 2225 5810 6839 6330 712 5843 6868 4830 745 5872 8945 6392 3332 7940 4377 2844 3365 5933 1848 5954 5456 2898 3927 1881 9058 7012 5489 2931 8064 898 1927 1418 2447 9618 1429 2968 8601 8097 1956 1958 9128 1451 2476 4018 9651 3001 960 1989 3526 1480 2509 9680 4051 470 1513 1515 4080 5109 503 3071
64 5634 8199 4106 3087 2577 6175 3104 9251 1576 4139 2610 5173 4677 6731 3674 6237 5729 4710 4201 5235 5237 1653 3707 7291 6270 3203 1675 3728 2709 2200 3236 6820 9383 3761 9908 2742 1737 4300 5334 4825 1243 3806 9445 2279 1770 4333 751 241 2804 4858 1276 3839 260 9480 8461 1295 785 9495 8986 1312 7459 293 9513 8494 7984 818 9019 2885 2376 9048 1882 7521 3939 1390 880 7027 2936 9081 5499 1915 7558 7049 5520 8083 3992 6555 5028 7591 3500 5553 6588 5057 454 8655 8145 9180 8672 7653 7655 7144 487 2543 8178 4596 7159
65 7169 9227 1036 4114 9236 533 9753 2591 7200 1059 38 9258 8237 8755 9784 5698 69 586 8268 1616 6234 9823 8291 100 617 8817 1655 6265 5244 9854 2179 648 6797 8848 4246 6296 7332 5797 7849 685 2736 8887 6851 7880 4308 7387 6366 6882 4330 4856 6397 5377 4356 4873 6940 5408 3873 3875 4904 5942 4411 3906 5962 4943 5973 4442 1385 7532 4974 9585 8564 4473 3452 3968 1416 5005 9616 3475 2454 2971 5531 418 4007 8617 944 3506 9655 3002 9151 7115 2507 1486 2516 3033 480 1517 8176 2035 3064 9213
66 4097 3586 7172 5644 1560 7705 7205 2598 8741 4659 7732 5179 6221 5713 4692 7771 5212 6750 7271 2664 8807 7800 6784 7304 1165 6287 9365 6817 6316 9394 7866 1725 6847 1728 6850 9929 213 9431 8410 7903 6883 9958 7403 242 2298 8443 5890 3337 1808 6930 3866 8988 291 9509 3366 6963 820 1340 9021 6462 2883 324 2380 8525 8017 2385 6996 857 3930 3932 9575 3432 2415 3965 9087 9088 6024 3469 2451 5526 9121 6562 2978 6055 8620 7095 5559 456 6090 9674 5072 5592 7128 6123 3564 8689 5625 4604
67 8195 3077 9222 8 1039 8724 3606 541 6686 8226 1571 3108 9257 43 5678 1070 2612 3641 9786 6720 1602 8261 74 6223 1104 8790 9821 607 8292 1637 109 1139 7284 8825 3709 7809 9346 2700 5271 665 6810 2202 5800 696 5835 2769 8416 2800 3831 6911 3840 5381 2312 7949 3343 1304 4385 806 7980 8492 3374 4914 5945 7482 4416 5447 2378 8015 8527 4949 343 4451 3941 5478 5480 8558 8046 6011 897 7044 8073 1426 7575 9112 930 1959 9129 9645 6579 4541 1990 6610 7143 8170 6645 6135
68 8707 5123 4104 6163 2589 4137 555 5164 4671 2115 6225 5719 1118 1644 5228 9328 5744 7802 4733 8317 9858 1156 7815 1673 6796 8847 7314 663 2713 6303 9891 4773 1189 1706 6829 6831 688 6328 9920 7877 199 8909 1743 1242 9953 7910 1768 4331 8441 9468 2821 3338 8971 269 9998 2320 787 8980 3864 9508 2854 8487 3371 302 2353 3380 9013 3897 7481 828 8516 1350 3400 1867 6990 849 1876 6489 882 1909 2945 3972 3479 8106 3504 4536 2493 8640 6085 463 5584 5586 9174 4058 989 8673 8168 488 3568 4091
69 8200 3593 9229 2579 1045 8215 8738 8740 6184 9260 557 8246 3639 9785 3130 63 4161 8771 2116 5190 588 2641 8277 3670 3161 94 8802 9320 619 2672 3701 8833 3207 7306 3732 4764 2719 2209 7337 3763 694 4795 2750 2240 6848 9922 7368 4826 2781 5855 5345 6895 2287 756 7414 4857 2812 5376 7939 4363 6416 4888 5917 9002 6956 5423 5948 4425 6988 7507 5979 2918 4456 7538 1400 4996 1415 7050 7569 9630 3498 7600 1971 6587 3011 1477 7112 3531 8141 2002 9170 7127 6618 1508 3562 2033 9203 6649 1020
70 7171 3588 8205 6673 5141 3094 3621 4647 9255 9770 4145 7735 4672 5701 2637 4178 5207 4705 2658 2662 3185 2162 4211 5236 128 9348 1159 1674 5265 3218 9875 7826 2201 3745 5796 6315 2732 1707 9904 3251 7859 2238 1217 3778 204 9422 721 723 1748 8405 8920 2267 9949 3811 5360 9970 2296 4349 6916 8965 2827 1814 8471 7960 797 3358 7464 303 3377 8500 1847 6976 9031 8529 2901 7511 8026 1376 7009 7540 8566 8059 892 7042 8071 6025 8595 2967 6556 7075 8624 6589 958 8129 5572 2502 6091 5078 987 3556 6120 7664 5626 6655
71 8711 1042 9237 5145 7706 543 8742 8243 7733 5176 75 8274 2131 6739 5211 6236 1628 7265 6770 7799 6271 640 1669 9868 141 2702 9371 7838 1700 2729 8874 2731 9903 1201 8375 9400 2234 6339 1735 7370 9934 207 1232 733 8932 1766 9961 8433 1267 4341 9466 764 5374 3329 4355 4881 8472 9501 4386 1333 3894 6968 9532 4413 2892 3921 1364 2393 3426 9064 8565 1399 2424 3453 9598 3455 7040 4487 6541 7069 6046 8102 6572 1465 4026 6601 5578 4053 471 6104 1496 2525 4576 5605 9196 2030 3059 4084 4086 5110 1531 2556
72 5122 3081 4623 2074 5153 1574 7211 8235 2605 4654 2105 6713 3134 7742 5184 1605 8266 1107 2136 9306 7773 8806 1138 2167 4222 639 4225 2694 7313 8338 5785 3227 5787 3229 4256 7842 7343 7344 181 3765 6845 7873 5316 2766 4818 5849 4319 2797 7426 2819 6927 6928 5402 6429 1823 9511 3880 5929 1323 5931 8493 6958 825 6460 3391 5960 858 9055 4962 8555 9584 7025 5493 887 6522 1925 395 3468 5003 1425 9624 9124 426 4011 428 5034 4012 1455 1456 8626 6066 2485 957 1985 7620 457 9686 8151 4567 9186 8182
73 1025 4 1548 4624 1555 2078 1058 4135 2602 5679 4657 6194 8760 2111 4164 1095 9288 596 8278 6231 4190 7775 6753 6256 629 9848 9851 8830 9344 136 8336 6293 5272 7837 9377 169 7340 8369 6326 697 699 8892 7870 4812 7376 9425 8923 6363 5342 4845 239 7409 6388 3324 6404 4369 8467 2326 8990 2850 6437 2359 4925 4930 6472 1866 5453 9046 8023 7002 5981 1375 2912 6505 1899 8048 4464 4478 3970 1928 9103 2458 5018 5025 1961 2479 947 4534 2491 1470 1475 3019 9165 976 3541 2520 3547 7134 3044 8180 3574 2553
74 6145 4610 9232 9755 6684 6176 9266 2098 6719 6211 7238 7765 9305 5723 8286 6242 9826 4711 4200 618 7796 5751 6277 4234 653 8853 9878 7831 1699 6308 4269 1203 2230 7862 3771 190 1730 7163 9418 9933 209 8408 5854 9964 240 7926 1271 9470 1284 2825 3852 2329 2331 1319 4392 6953 8491 9518 3887 2362 3387 9533 3918 3408 6486 3422 9568 5473 3937 7015 3443 1401 8058 6012 2428 912 4496 3474 3472 9114 6052 7077 4531 3509 7606 7097 6603 3538 466 3540 5079 9189 4069 6634 5611 2544 4597 4603 7165
75 8706 2051 3078 5641 523 1550 1043 3604 7704 3097 9247 2080 3111 552 1583 8242 3637 1600 6727 9290 589 9810 2138 1633 6756 9830 2674 3703 3192 9849 127 5249 5791 9888 9889 4774 166 4267 5294 6322 5820 2241 6338 5315 7386 4828 5344 2286 8946 4861 8454 6414 8978 7955 4886 9494 6431 4919 6973 7487 3904 5439 6975 4936 2893 3413 4445 1885 363 4474 1922 8067 9097 8585 6538 6539 400 1431 7066 1947 6557 8095 8096 9633 7586 9125 7078 940 433 1460 2998 1481 3017 8139 9678 8657 5076 9684 7132 2021 1512
76 5128 4115 6181 6698 5167 6200 4669 6729 3145 1612 4179 9824 1120 4706 101 7276 5229 6280 2186 5773 5783 4762 7843 163 6336 3269 5322 4301 3792 1240 2779 3300 4863 3331 2310 779 3854 2833 6418 6419 1302 281 6942 3362 8483 4388 2341 810 3885 9006 2864 8497 6450 8503 312 3393 2372 5446 3916 5969 6997 2903 3424 5477 9062 2411 6000 9586 9603 903 8588 405 2461 1949 9119 4512 6560 9634 934 4009 1457 8627 436 3513 1980 9150 965 4040 8658 5074 2529 4582 4079 3058 506 3581
77 512 1541 3080 2581 4121 4123 3615 2084 3113 8751 6193 7220 2614 3643 5183 3138 3142 7249 2643 3672 605 3175 108 7280 1137 7282 2676 3705 5754 638 2175 3204 7309 2705 3734 6812 8862 2206 1696 8355 170 5805 3767 2239 3266 6344 5834 1226 7373 2767 5858 3299 7406 2299 2301 4870 1288 7435 7965 4900 822 5430 2363 9553 1880 8027 5991 7530 4463 4984 8060 4476 1412 9096 4492 7056 913 7060 9109 1942 8089 5024 416 9127 7592 2984 5033 8122 5564 6592 7621 5581 975 7122 2004 9690 6623 9701 3046 7155 2037
78 8709 3590 4619 2067 3092 8734 5152 3125 6710 8248 7739 3648 4172 2125 5711 5728 3681 6247 106 6272 1162 2191 4244 1687 2712 8348 1195 2220 1716 2745 193 195 1220 716 9423 1745 3282 8919 2778 3807 224 1253 8427 9455 1782 9977 2811 7427 1286 7948 8977 3871 290 2344 815 9014 317 7491 6981 2373 840 6987 1869 8014 6491 7516 873 2410 3439 8047 9072 5490 2935 6520 6010 9086 9094 7047 2960 5010 6549 6045 7076 9637 939 9138 5043 6068 8629 2497 1993 8138 4553 9166 6615 7640 6111 3563 4590 5619 6140
79 9728 8710 6667 1037 9230 7702 27 6174 37 7207 7729 1586 2617 1091 68 9797 8269 2126 7760 3157 598 8799 1122 103 8300 625 7795 5760 4741 8339 7321 5795 683 3764 5302 5826 7364 7366 6857 3273 3788 2252 6364 6888 2285 3315 9460 250 6399 5892 9481 1803 4364 9491 2836 3859 275 4894 5927 8490 1834 4399 6449 4921 7484 3900 9023 5958 4430 6480 5461 1368 9054 5985 4457 8043 2927 4987 3461 8584 3980 1933 5519 1424 3991 9625 2457 5022 3492 8619 1964 1459 9656 3005 5053 5055 4546 5577 3018 3529 1999 4049 2521 8675 5608 498 2552 4090 5119
80 2061 3600 2587 3107 5675 2094 3633 4662 3140 3668 9301 4695 3173 613 7783 5741 5238 4219 1665 1667 8327 9866 652 8344 3740 9373 159 1698 176 2744 8377 3773 9406 1731 1224 8905 2251 9932 2777 5339 9439 5343 3297 2284 9456 4852 2810 1797 6407 776 7946 4885 6424 1824 809 7979 9010 842 8012 3404 1362 9043 7519 4450 2917 8550 2408 875 1395 9076 3963 382 4998 1929 4489 5518 2449 6044 8608 5551 3511 8120 6077 8641 6597 7123 982 5601 8678 8171 9200 7156 1015 1535
81 6148 6665 7692 8725 5654 6171 7198 1568 6696 1074 2101 2618 7229 5187 6214 9802 2128 7256 1117 5218 6245 2680 9337 1148 7295 7808 3711 642 8324 5768 8841 1175 8347 156 9374 673 8872 2217 1194 3244 179 4788 8373 1206 8378 1723 4290 7874 6863 3279 7388 222 6367 8421 2283 3310 7411 253 7431 5385 2830 3347 2328 5918 4395 2861 3378 4405 4922 5949 2888 8522 6478 9551 3421 1383 9582 2425 6015 3973 4488 4490 6034 5021 1437 5023 4521 4527 8111 6065 443 5054 9665 6594 4554 3020 3537 5081 6108 5087 4587 5112
82 2563 6149 4621 9748 6679 6178 3623 4650 5681 5180 66 4683 5710 1627 5213 1126 4215 5242 4745 9872 3217 3747 4772 2219 9905 4277 3776 2248 3809 232 8936 2281 9967 753 9985 771 1798 8987 800 4384 7970 8486 9016 6972 833 8003 1860 8519 9546 332 7502 1363 4947 9049 862 1891 5476 3949 9078 7034 895 8065 8581 6537 394 5009 7065 7067 8610 2980 427 5038 6069 7096 8127 9668 7626 7129 4570 2015 6628 4073 7659 6131 7158 5630
83 2052 9733 1035 4622 14 3605 2582 2085 1064 5676 47 9265 9799 1101 7246 2648 8281 2650 7776 610 5738 1130 7279 3698 9331 2681 5765 138 4247 3226 4777 171 9389 8368 5297 4276 3259 6844 2242 1225 4810 4313 3292 3294 9952 8935 4843 237 2805 4342 1784 7933 3325 3327 7945 3339 6924 7444 6427 3869 4389 3368 808 2351 5936 9009 7477 7479 5443 4422 6493 3935 4455 8040 3434 7023 4985 3964 1920 8069 3463 1423 9620 6551 8603 1953 1452 435 8632 8135 969 7634 468 6617 8669 8164 998 501 6646 8698 5629
84 4612 4118 6179 8233 1069 6704 5170 9268 4149 7741 6210 9291 1100 2636 7247 1617 6743 96 1123 102 9322 4203 8301 1648 6774 2173 9855 4736 2698 5775 4242 7317 5279 4775 5804 4273 7348 5310 4806 7371 3797 7896 1759 7402 6381 6898 3828 7935 7937 2305 267 3342 2838 792 5403 9503 2336 8999 5928 298 3373 2869 5434 831 9030 5967 2900 5465 1883 4444 2406 360 5998 4467 5496 893 9604 901 3466 6546 407 9123 7079 3497 955 4030 2499 3528 6608 6101 9185 8162 7141 2023 8691 3063 1017 4092
85 553 5163 4142 9263 2102 5689 4668 2624 8257 1089 89 3166 2657 1124 9325 6772 2164 631 3199 1153 5761 6275 134 9863 6801 1693 8352 1186 9387 184 9913 3261 8894 9925 3271 9416 7372 1231 722 1757 6879 1248 6370 229 9449 7405 8430 6896 1790 4866 9987 7943 7434 6415 5392 1819 6432 6446 1326 9527 7993 9018 8005 7496 5963 4942 334 4435 4961 7529 6510 367 1914 891 7036 5503 3457 2438 4497 2964 7574 8100 6058 429 5039 4530 7607 7098 5565 2019 5101 4592 5627
86 2565 2070 6678 4632 7709 3619 2596 5670 7214 4148 3132 3650 2631 6736 1621 4698 3167 3683 616 6771 3198 8834 651 3724 1681 6802 3225 5276 8351 167 9896 682 8877 3759 1712 8382 9412 9931 1229 2258 1747 7380 8409 225 9447 3817 5868 1260 8943 1778 8440 5369 6905 9478 2829 6421 6936 8475 9505 7974 9001 2860 6452 8506 9536 8001 1353 3914 848 7506 6487 2392 8032 7013 1384 4975 7539 6518 7549 1419 6545 4507 6576 6582 6071 5568 6102 7137 3554 5603 4580 2535 5099 6129 2042
87 7176 9737 6157 6162 6689 9768 9774 2606 8752 5172 5174 1590 7740 65 2633 7242 9803 8780 2139 6248 7275 8813 2670 8818 2170 7806 8319 6788 5769 4755 6294 4252 2205 7840 8353 6821 168 4784 6327 7353 6854 4814 6352 2770 5333 6887 5864 234 6385 5370 4352 3330 770 6920 5901 3857 1817 2340 6957 4916 2875 6459 6986 4945 3420 366 3952 7553 1923 4484 9605 2443 1420 6031 406 1952 3495 2472 9642 1453 8623 3007 2501 4550 461 6096 6611 5077 3032 5597 2018 3555 9700 2538 1519 5108
88 2048 8705 3098 2079 2081 4132 3630 3131 2114 4165 2644 5217 2147 4198 1141 2677 644 145 6809 8860 677 9382 8363 8365 1197 9912 8893 8897 710 3787 8396 211 3288 9945 8928 743 7399 6380 8429 5871 8431 1265 2801 244 5372 8959 6403 3845 7952 6933 1818 7453 799 7455 6436 3878 1321 7985 3379 6966 1851 7486 6469 3911 1354 335 8018 6999 9050 9056 867 9572 8553 1387 3445 7032 6018 4999 9108 4500 7577 6051 5032 3503 4533 6591 1494 9696 6626 8677 5098 8175 3569 3571 4599 2041
89 6144 5640 6675 2068 537 5150 2597 6183 6706 5181 4181 5208 603 7268 2663 5737 4212 1661 5247 1671 146 8852 1173 7834 669 4253 9887 675 1702 8360 6313 7342 5809 177 9395 1204 8891 700 9918 6342 7369 3791 6865 1239 735 6373 7400 8426 2795 9453 8949 1270 7931 9474 1291 2318 4371 2841 2349 4402 2872 322 4429 1872 8538 2907 9565 9571 1380 5495 1911 8569 4993 4503 6059 7086 9139 3508 1983 4033 5059 6086 2508 4561 3543 5084 4064 5090 6117
90 3 4613 2566 8712 2059 1038 531 9749 1562 1564 2599 2088 9778 1597 9283 2121 7762 9811 4180 3154 1626 7269 2661 6246 3694 3187 2166 7296 4737 7298 5770 3727 3216 6805 2721 7331 8357 6310 1193 3756 172 2222 9390 3249 4275 9926 2764 3789 1762 9452 4844 4337 760 9978 5894 5389 7443 6422 5915 9502 6946 4397 9007 7472 1845 6455 5944 3899 9535 6979 841 7505 6482 6484 3928 5977 346 4954 7008 1381 8045 9071 8560 3447 379 7550 3975 8074 8593 919 9626 7583 1443 422 8107 9133 948 9659 7612 8638 1472 455 9162 981 9688 3035 8671 1505 4066 9702 4585 1010 8700 2047
91 3074 1546 3601 9746 19 2580 2073 544 7719 8747 1581 2615 2104 4162 1608 591 9808 81 8791 8280 5724 3679 5216 3171 2150 1643 9843 7287 6776 8315 3710 4224 5261 3214 2704 1176 4767 3233 4259 1705 1211 4798 8388 5830 5323 6359 3803 4321 2274 4323 5354 746 3311 1273 5881 5883 4860 9983 7425 5897 4876 9489 5910 7964 7456 6439 6962 839 3912 328 9038 7503 8528 8028 1893 4973 7534 8563 6007 8061 7565 3480 9627 932 5542 425 7596 438 9658 7102 963 8134 967 469 3030 9689 2523 1502 994 3050 2031 1521 9720 8185 2554
92 4105 5139 8727 7193 6690 7717 6199 5695 6723 5198 3675 9317 3178 5231 5753 6780 5762 8329 1163 9356 9363 1685 8859 9886 161 6822 8362 684 691 8884 6331 9919 194 8389 8395 717 3277 8917 6880 7909 7915 750 6389 8950 769 1796 6409 9997 2831 4883 1305 2332 3360 802 9507 1829 7469 5937 3890 8504 2365 2367 1862 2889 3923 8537 1371 1895 2922 1396 4980 2431 8579 4485 9606 5512 5015 6042 2465 9639 2988 5040 6075 9664 3525 4551 3021 5073 992 9697 4578 3558 6632 3054 5106 1528 8702
93 2564 5136 8736 2595 3115 2097 1588 569 3646 5700 8273 4183 5731 3181 5233 2161 2163 1654 9853 131 3208 660 662 3737 6297 8861 1182 2718 162 9380 6826 9909 693 9911 9415 3274 2253 2255 2256 4305 728 9946 3805 8925 228 9446 3303 3305 4335 759 6394 3836 8958 9473 6919 7439 1306 4893 9504 7969 6950 4393 5943 1337 4924 321 9539 8520 4428 1870 852 5978 9051 1372 9570 7016 1901 3958 2939 1403 4990 4486 7563 3985 6036 2966 8094 4517 6067 5046 5048 8128 4552 7629 5083 4583 7660 6642 6133 5114 8191
94 2055 1543 9225 6170 9756 7199 9763 1572 6701 6203 7228 9789 3644 6734 4693 6232 7261 7266 615 2154 6767 7793 7299 3715 4228 5257 7830 4763 5788 8866 4261 9895 8367 3250 7863 4792 5821 2754 4298 5327 212 7898 2780 5859 3312 4862 8961 3847 2824 2319 8466 5394 3876 2348 9525 3382 7499 2381 2386 3415 7003 3444 377 383 1411 2950 7561 3979 9612 3477 8599 414 4008 946 8628 9657 8634 1473 4041 9163 7631 979 8661 8667 476 1510 9192 6635 1008 509 7166
95 1029 6151 7690 6672 7701 1558 2069 3608 1060 6182 3118 6707 70 6215 7752 9804 4685 1620 7262 3678 6244 7787 6769 626 7289 4739 5764 4241 4243 1177 4770 4272 4274 1717 5303 3775 5321 7378 4311 6361 5850 2783 1247 9955 5861 5352 3837 1278 2304 4871 8973 4373 5912 7981 5422 7475 4404 2876 8000 9025 4933 2374 4424 846 3924 3419 5982 2401 2403 4459 5484 1900 5486 2930 9589 3959 6524 1921 2436 402 6547 8597 5538 2471 4010 943 6578 4021 962 9157 1991 8648 1482 464 1493 5600 9188 2022 8683 9708 4591 499 6141
96 8192 9 5133 4117 5658 3611 3100 549 4645 40 5684 55 5177 3642 8773 2117 8264 2642 9813 8279 5210 7777 2148 4716 3183 9844 5750 3708 9860 8332 1677 7820 6289 9376 3750 3241 1708 6320 5808 2747 708 201 8398 1233 2272 739 9957 5349 4840 9448 1774 1264 245 9463 3832 768 1801 6923 272 5395 7957 7448 2840 7463 1832 6954 813 7988 318 4927 6989 2906 7514 6495 4454 1898 9067 1388 7020 5492 8054 6526 7556 6023 5514 8081 2452 7062 5020 7587 6054 5545 5549 8114 2483 6584 4545 9155 7622 7113 5585 1497 2551
97 4096 9220 7688 1549 9233 8213 4630 1048 4129 9253 7721 5169 8245 4663 3127 1081 5692 60 6207 578 5197 5725 93 4195 611 7270 1640 5224 8819 4725 2683 1147 6791 3209 6290 151 1180 6816 5280 8865 9379 7853 6323 3772 5311 6849 9924 7886 3284 7385 7911 1772 7919 4853 5367 8953 9979 1277 8963 778 5902 3352 4895 294 811 3886 5935 1841 7986 3385 2364 327 9037 7501 1874 3418 352 9574 3944 1389 9070 1907 3451 2948 5513 5007 1935 4499 6037 2455 5536 2981 5030 2480 4035 3014 7623 5579 4558 2513 3550 3047 8681 2546 5117 3583
98 3589 2568 1551 3091 1053 4641 35 3620 4138 1582 1585 564 9271 8250 1084 2630 3150 6738 7258 1115 5733 5223 2665 1642 9333 6773 1146 5758 4735 3713 8839 3212 2194 3744 5792 8870 4264 3247 2229 4797 8895 5312 4295 8402 5845 4824 216 4326 3309 6894 6897 5876 6396 3838 6413 2835 7963 2334 6945 5924 8485 7465 6444 4409 7994 5441 7492 6475 9042 8025 859 7004 5471 6502 5487 9077 8056 890 7039 7554 388 5510 6028 9104 1938 8087 921 1440 7589 423 6568 9132 8118 952 6078 450 9167 2000 6098 983 5086 7651 485 3053 9198 1014 1534
99 5633 5635 521 7691 5132 8211 4634 3099 4134 5165 7224 4667 1083 5694 4167 7753 85 7255 4696 5727 4196 5227 3696 114 1145 4729 4229 5256 2701 5289 2730 9902 707 1732 6349 7379 1765 9962 3823 1269 2294 5880 1282 8452 9483 784 2322 8985 2842 287 1315 814 2863 817 316 3903 8514 8016 1879 349 8547 7019 8557 8049 378 7548 4992 2434 2437 9607 7048 4495 411 413 7081 938 4524 8108 1968 6583 6083 9669 7110 5582 3536 6612 3028 473 8670 6112 4588 5615
