100
0 128 131 139 157 9517 61 74 76 77 80 81 82 84 87 88 89 91 92 93 95 96 97 99 100 101 107 108 109 110 111 119 121 124
1 0 1 2 3 4 5 6 7 8 9 10 11 12 13 14 15 16 17 18 19 20 21 22 23 24 25 26 27 28 29 31 32 33 34 176 1290 120
2 0 1 2 3 4 5 6 7 8 9 10 11 12 13 14 15 16 17 18 19 20 21 22 23 24 26 27 28 29 30 31 32 33 34 35 37 63
3 30 35 36 37 39 40 41 42 43 44 45 46 47 48 49 50 51 52 53 54 1334 56 57 58 59 60 62 63 65 70 71 75 83
4 129 130 2818 132 133 135 136 139 140 144 147 152 156 157 158 162 168 170 173 174 178 179 180 1482 79 92 229 231 106 111 112 113 115 116 117 118 122
5 0 1 2 3 4 5 6 7 8 9 10 11 12 13 14 15 16 17 18 19 20 21 22 23 24 25 26 27 28 29 31 32 33 34 69 859
6 61 64 66 67 71 72 73 74 7624 76 77 78 79 80 81 82 84 85 86 87 88 89 90 91 95 97 100 101 105 107 109 110
7 30 35 37 38 39 40 41 42 44 45 46 47 48 49 50 51 52 54 55 56 57 58 59 60 62 63 64 65 66 68 70 583 72 7624 75 126
8 30 35 36 37 38 39 40 41 42 43 44 45 46 49 50 51 52 53 54 55 56 57 58 59 62 63 64 65 66 71 72 75 84 869
9 0 1 2 3 4 5 6 7 8 9 10 11 12 13 14 15 16 17 18 19 20 21 22 23 24 25 26 27 28 29 31 32 33 34 554 138 968 6729 120
10 30 2848 35 36 37 38 39 40 41 42 43 44 45 46 47 48 49 50 51 52 53 54 55 56 57 58 59 60 62 63 65 708 70 75 83 120 126
11 554 176 61 64 65 67 72 73 77 78 79 80 81 82 84 85 86 87 1495 90 91 93 94 95 99 100 105 107 108 109 111 114 117 121
12 0 1 2 3 4 5 6 7 8 9 10 11 12 13 14 15 16 17 18 19 20 21 22 23 24 25 26 27 28 29 31 32 33 34 138 69 1502 1263
13 128 131 142 176 199 72 73 74 1482 77 78 79 80 84 86 87 88 91 93 94 95 96 98 101 103 105 106 107 5482 109 112 113 114 118 119 124 125
14 128 139 161 168 178 708 69 78 79 81 84 85 89 91 92 93 94 95 97 98 99 101 103 106 108 110 113 114 118 119 124 125 126
15 0 1 2 3 4 5 6 7 8 9 10 11 12 13 14 15 16 17 18 19 20 21 22 23 24 25 26 27 28 29 31 32 33 34 7585 138 69
16 129 130 131 132 134 135 136 137 140 141 142 143 144 145 4371 148 149 154 156 160 163 164 165 166 170 179 184 186 187 199 468 87 98 103 107 112 115 116 121 123 252
17 131 38 40 41 42 44 45 46 47 49 50 51 52 54 55 56 57 59 60 61 62 64 65 66 68 70 199 72 73 75 79 81 86 97
18 138 30 35 36 37 38 39 40 41 42 43 44 45 46 554 48 49 50 51 52 53 54 55 56 57 59 60 62 66 68 70 75 176 120
19 5926 176 61 64 66 67 68 71 72 73 74 76 77 78 79 80 81 82 83 84 86 88 89 90 91 94 95 100 102 105 107 109 110
20 0 1 2 3 4 5 6 7 8 9 10 11 12 13 14 15 16 17 18 19 20 21 22 23 24 25 26 27 28 30 31 32 33 35 36 37 138 57 583 1290 120 126
21 0 1 2 3 4 5 6 7 8 9 10 11 12 13 14 15 16 17 18 19 20 21 22 23 24 25 26 27 28 29 31 32 33 34 2848 69 583
22 0 1 2 3 4 5 6 7 8 9 10 11 12 13 14 15 16 17 18 19 20 21 22 23 24 25 26 27 28 29 1310 31 32 33 34 138 69 1737 1290
23 0 1 2 3 4 5 6 7 8 9 10 11 12 13 14 15 16 17 18 19 20 21 22 23 24 25 26 27 28 29 31 32 33 34 138 252 2060
24 0 1 2 3 4 5 6 7 8 9 10 11 12 13 14 15 16 17 18 19 20 21 22 23 24 25 26 27 28 30 31 32 33 34 35 63 120
25 30 35 36 37 38 40 41 43 44 45 46 47 48 49 50 51 52 53 54 55 56 57 59 60 62 63 64 68 70 71 583 82 83 2264 120
26 155 29 31 33 39 40 41 42 43 44 45 46 47 48 49 50 51 53 54 55 56 58 59 60 63 64 65 69 583 74 75
27 138 25 41 64 66 68 69 72 73 74 76 77 78 79 81 82 83 84 85 86 88 89 90 91 94 95 97 100 102 105 109 110
28 155 30 35 37 38 40 41 42 43 44 45 47 49 51 52 53 55 57 60 61 63 64 65 66 67 68 70 73 74 76 77 82 83 88 97 107
29 30 35 36 37 38 39 40 41 42 43 44 45 46 47 48 49 50 51 52 53 54 55 56 57 58 59 60 62 63 71 74 75 176
30 128 129 131 133 139 142 143 1173 168 87 92 93 94 96 98 102 103 104 108 111 112 113 114 115 116 117 118 119 124 125 127
31 0 1 2 3 4 5 6 7 8 9 10 11 12 13 14 15 16 17 18 19 20 21 22 23 24 25 26 27 28 29 31 32 33 34 5921 138 69
32 0 1 2 3 4 5 6 7 8 9 10 11 12 13 14 15 16 17 18 19 20 21 22 23 24 25 26 27 28 29 31 32 33 34 3849 138 69
33 30 35 36 37 38 39 40 41 42 43 44 45 46 47 48 49 50 51 52 53 54 55 56 57 58 59 60 62 63 65 70 75 83 554 120 126
34 30 35 36 37 38 39 40 41 42 43 44 45 46 47 48 49 50 51 52 53 54 55 56 57 58 59 60 62 63 65 70 75 83 554 1263 121
35 257 8450 259 133 140 269 143 153 154 157 158 159 162 164 165 169 173 184 186 194 205 98 227 229 104 106 235 116 246 122 253
36 3110 39 40 41 42 43 44 45 46 48 49 50 54 55 56 58 59 60 61 63 66 68 70 71 72 73 75 77 82 84 88 97 107
37 0 1 2 3 4 5 6 7 8 9 10 11 12 13 14 15 16 17 18 19 20 21 22 23 24 25 26 27 28 29 3097 31 32 33 34 69 583
38 129 130 132 136 137 141 142 143 144 145 146 147 158 161 162 163 166 170 173 174 176 179 92 98 355 229 106 112 113 115 116 122 252 125 127
39 0 1 2 3 4 5 6 7 8 9 10 11 12 13 14 15 16 17 18 19 20 21 22 23 24 25 26 27 28 29 31 32 33 34 5921 138 69 1671
40 155 30 35 36 37 38 39 40 41 42 43 44 46 47 48 49 51 52 53 54 55 56 59 60 62 64 68 71 75 120
41 0 1 2 3 4 5 6 7 8 9 10 11 12 13 14 15 16 17 18 19 20 21 22 23 24 25 26 27 28 29 155 31 32 33 34 3975 2153 120
42 0 1 2 3 4 5 6 7 8 9 10 11 12 13 14 15 16 17 18 19 20 21 22 23 24 25 26 27 28 29 31 32 33 34 138 708 69
43 129 131 133 139 158 168 178 1077 184 66 67 73 81 88 92 98 99 101 103 104 108 109 111 112 115 116 118 119 122 124 126 127
44 30 36 37 38 39 40 41 42 43 44 45 46 47 48 49 50 51 54 55 56 184 59 60 62 63 64 68 71 75 88
45 0 1 2 3 4 5 6 7 8 9 10 11 12 13 14 15 16 17 18 19 20 21 22 23 24 25 26 27 28 29 1310 31 32 33 34 7055 138 69 1502
46 0 1 2 3 4 5 6 7 8 9 10 11 12 13 14 15 16 17 18 19 20 21 22 23 24 25 26 27 28 29 31 32 33 34 138 583 1502 1263 120
47 0 1 2 3 4 5 6 7 8 9 10 11 12 13 14 15 16 17 18 19 20 21 22 23 24 25 26 27 28 29 31 32 33 34 138 69 2264
48 0 1 2 3 4 5 6 7 8 9 10 11 12 13 14 15 16 17 18 19 20 21 22 23 24 25 26 27 28 29 31 32 33 34 138 69 2060
49 128 131 1671 138 142 20 36 39 48 50 54 1334 56 58 59 62 69 71 87 90 92 93 96 99 103 107 108 111 112 113 114 117 118 119 124
50 131 3244 61 64 67 68 71 72 73 74 1737 76 77 78 79 80 81 82 84 85 86 87 88 89 91 859 95 97 99 100 101 102 105 110 120 126
51 0 1 2 3 4 5 6 7 8 9 10 11 12 13 14 15 16 17 18 19 20 21 22 23 24 25 26 27 28 29 155 31 32 33 34 138 468
52 133 134 135 136 137 139 143 145 146 280 154 159 160 163 170 172 178 181 185 187 193 203 207 859 92 225 98 227 104 106 118 122 123 124 127
53 0 1 2 3 4 5 6 7 8 9 10 11 12 13 14 15 16 17 18 19 20 21 22 23 24 25 26 27 28 30 32 34 35 36 37 38 41 138 57 63 968
54 30 35 36 37 38 39 40 41 42 43 44 45 46 47 48 49 50 51 52 53 54 55 56 57 58 59 60 62 63 65 70 75 83 1495 120 126
55 0 1 2 3 4 5 6 7 8 9 10 11 12 13 14 15 16 17 18 19 20 21 22 23 24 25 26 27 28 29 31 32 33 34 3244 138 69 1737 1502
56 38 39 40 41 42 44 45 46 3756 48 50 51 52 54 56 57 58 59 61 62 65 66 67 68 69 70 73 75 79 81 86 88 2264 90 1502 97 102
57 131 40 44 48 61 67 72 73 74 968 76 77 78 80 81 82 83 84 85 86 88 89 90 91 95 97 100 101 102 105 108 109 110 114 120 126
58 30 35 36 37 38 39 40 41 42 43 44 45 46 47 48 49 50 51 52 53 54 56 58 59 60 62 63 65 70 71 968 75 82 859 2153 120
59 133 136 139 141 142 144 149 152 159 160 161 163 165 172 174 178 180 218 225 103 104 231 494 115 116 245 118 243 253 123 124 125 127
60 128 130 132 133 135 137 139 142 143 144 145 146 148 156 158 1954 163 184 199 72 77 78 100 104 105 106 111 113 115 116 119 121 122 123 124 125
61 40 42 43 44 45 47 48 49 50 52 53 54 55 56 58 59 60 61 62 65 67 70 71 72 73 74 75 76 77 78 82 83 84 120 121
62 1310 35 38 39 41 42 43 44 45 46 47 48 49 50 52 53 56 58 59 60 61 62 63 64 65 66 68 69 70 71 75 84 121
63 0 1 2 3 4 5 6 7 8 9 10 11 12 13 14 15 16 17 18 19 20 21 22 23 24 25 26 27 28 29 31 32 33 34 138 69
64 131 36 38 39 40 41 42 43 44 45 46 47 48 49 50 51 53 54 55 56 57 58 60 62 63 65 69 70 72 1737 75 83 89 94 102 121
65 155 35 36 38 39 40 42 43 44 45 46 47 49 50 51 52 53 54 55 56 57 58 59 60 62 63 64 65 70 71 72 75 82
66 131 139 59 61 64 65 67 68 74 76 77 78 79 80 81 82 83 84 85 87 88 91 94 97 99 101 102 105 107 108 110 114 117
67 3975 1290 155 30 35 36 37 38 39 40 41 42 43 44 45 46 47 48 49 50 51 52 53 54 55 56 57 58 60 62 63 66 70 71 75
68 0 1 2 3 4 5 6 7 8 9 10 11 12 13 14 15 16 17 18 19 20 21 22 23 24 25 26 27 28 29 31 32 33 34 554 69
69 129 132 133 135 136 137 139 140 141 144 145 146 148 149 6165 152 154 155 157 158 160 161 162 166 170 172 174 178 179 186 199 98 227 229 104 873 106 116 125 127
70 404 3097 155 64 66 67 68 73 74 76 79 80 81 82 84 85 87 88 90 91 93 94 95 96 99 101 103 108 110 111 114 117 121
71 155 36 37 38 39 40 41 42 43 44 45 46 47 48 49 50 51 52 53 55 57 59 60 66 68 70 71 583 75
72 39 40 42 43 45 46 47 48 51 52 53 54 55 56 60 61 62 65 66 67 70 71 72 73 75 76 81 82 83 84 110 121 126
73 155 36 38 39 40 41 42 43 44 45 46 47 48 49 50 51 52 53 54 55 56 57 58 59 60 62 65 69 70 71 75 83 120 121
74 131 155 2848 36 43 176 53 64 66 67 68 70 71 968 73 76 77 78 79 82 83 84 85 86 88 89 90 97 99 101 102 107 109 117 120 121
75 0 1 2 3 4 5 6 7 8 9 10 11 12 13 14 15 16 17 18 19 20 21 22 23 24 25 26 27 28 29 30 32 33 34 35 37 3244 1482 1671
76 0 1 2 3 4 5 6 7 8 9 10 11 12 13 14 15 16 17 18 19 20 21 22 23 24 25 26 27 28 29 155 31 32 33 34 120 2060
77 135 404 155 64 66 67 68 73 76 77 78 79 81 82 84 85 86 87 90 93 94 95 97 100 101 102 103 105 109 112 114 117
78 131 36 43 45 50 53 57 58 63 67 70 71 583 968 74 76 77 78 82 83 84 85 88 89 94 95 97 99 101 102 105 109 110 117 121 126
79 61 64 66 67 68 73 74 76 77 78 79 80 81 82 84 85 86 88 89 91 94 95 97 100 101 102 105 109 110
80 0 1 2 3 4 5 6 7 8 9 10 11 12 13 14 15 16 17 18 19 20 21 22 23 24 25 26 27 28 29 31 32 33 34 138 708 69
81 128 129 133 142 143 168 59 199 87 92 93 96 98 104 106 108 111 112 113 114 115 116 117 118 119 120 124 125 126 127
82 128 131 138 3097 155 38 55 61 66 68 72 73 76 77 78 79 80 81 82 84 85 88 89 90 91 95 96 99 100 103 105 107 110 112 114 252 121 124 126
83 30 35 36 37 38 39 40 41 42 43 44 45 46 554 49 50 51 52 53 54 55 56 57 58 59 60 63 65 67 70 75 78 81 83
84 0 1 2 3 4 5 6 7 8 9 10 11 12 13 14 15 16 17 18 19 20 21 22 23 24 25 26 27 28 29 31 32 33 34 138 968 1482 126
85 4102 30 35 36 37 38 39 40 41 42 43 44 45 46 47 48 49 50 176 52 53 54 55 56 58 59 60 62 63 65 70 71 72 75 83
86 0 1 2 3 4 5 6 7 8 9 10 11 12 13 14 15 16 17 18 19 20 21 22 23 24 25 26 27 28 29 31 32 33 34 138 708 69
87 30 35 36 37 38 39 41 42 43 45 47 49 50 51 52 53 54 55 56 57 59 60 62 63 64 66 68 70 71 75 120
88 131 36 43 45 50 53 57 58 61 63 66 67 72 73 74 76 78 79 80 83 84 85 86 87 89 90 94 95 97 100 102 105 109 1263 114 121
89 30 35 36 37 39 40 41 42 43 44 45 46 47 48 49 50 51 52 53 54 55 56 57 58 59 60 62 71 72 75 83 126
90 0 1 2 3 4 5 6 7 8 9 10 11 12 13 14 15 16 17 18 19 21 22 23 24 25 26 27 28 29 155 31 32 33 34 38 554 176 120
91 130 133 135 1671 139 140 144 145 147 148 152 156 161 162 164 165 168 170 3244 180 54 184 186 199 83 93 98 101 104 106 108 111 113 115 118 122 125
92 128 131 139 3097 158 61 64 66 67 199 76 79 80 81 82 83 84 85 86 90 91 95 96 97 99 100 101 102 105 107 108 109 119 120 121
93 128 139 142 161 168 80 85 87 90 91 92 95 96 99 100 101 103 105 106 108 111 112 113 114 116 118 119 124 125
94 128 131 139 158 168 554 45 50 57 58 63 72 78 79 80 85 87 89 91 92 93 95 98 100 102 103 104 105 106 108 110 111 112 113 114 121 125 126
95 131 184 61 64 66 67 68 71 199 73 74 968 80 81 84 85 86 87 88 90 93 94 95 96 97 99 101 102 103 107 108 109 110 119 3198
96 128 131 139 158 176 61 66 67 68 73 74 77 80 81 83 84 85 86 87 88 89 93 94 96 97 101 102 103 485 107 108 109 110 112 114 119 126
97 0 1 2 3 4 5 6 7 8 9 10 11 12 13 14 15 16 17 18 19 20 21 22 23 24 26 27 28 29 30 31 32 33 34 35 37 63
98 0 1 2 3 4 5 6 7 8 9 10 11 12 13 14 15 16 17 18 19 20 21 22 23 24 25 26 27 28 29 31 32 33 34 69 621
99 0 1 2 3 4 5 6 7 8 9 10 11 12 13 14 15 16 17 18 19 20 21 22 23 24 25 26 27 28 29 155 31 32 33 34 583 404
